F 521.213203 21.213203 0.785398
E 0.000000 0.000000 0.000000 0.000000
W C 982.8 75.6 1848.5 695.7 1577.5 1429.6 920.3 1219.8 483.8 820.0 223.5 1586.7
W E 0.117 600.0 365.0 -2.671 600.0 1169.2 -0.644 1382.6 600.0 -0.321 992.1 600.0 0.047 628.0 600.0 0.188 1251.5 600.0
D C 364.9 -287.9 1415.4 -461.6 1742.8 248.9 1129.7 565.4 538.4 591.2 896.5 1317.5
F 521.213203 21.213203 0.785398
E 0.000000 0.000000 0.000000 0.000000
W C 983.5 75.7 1849.1 696.0 1577.2 1429.2 920.3 1219.9 483.8 821.6 223.4 1587.6
W E 0.117 424.3 258.1 -2.671 424.3 826.8 -0.644 977.7 424.3 -0.321 701.6 424.3 0.047 444.1 424.3 0.188 885.0 424.3
D C 366.0 -288.8 1416.7 -462.0 1741.8 248.8 1129.9 565.4 540.6 593.7 897.6 1319.0
F 521.213203 21.213203 0.785398
E 0.000000 0.000000 0.000000 0.000000
W C 983.9 75.7 1849.7 696.3 1577.1 1429.1 920.4 1220.4 483.7 822.6 223.0 1589.4
W E 0.117 346.4 210.9 -2.671 346.4 675.2 -0.644 798.2 346.4 -0.321 572.8 346.4 0.047 362.8 346.4 0.188 722.7 346.4
D C 366.2 -289.0 1418.2 -462.5 1741.8 248.8 1131.1 566.1 541.5 594.6 900.0 1322.6
F 521.213203 21.213203 0.785398
E 0.000000 0.000000 0.000000 0.000000
W C 984.0 75.8 1849.9 696.4 1576.4 1428.0 920.4 1220.2 483.7 822.7 223.1 1588.8
W E 0.117 300.0 182.7 -2.671 300.0 584.8 -0.644 691.2 300.0 -0.321 496.1 300.0 0.047 314.4 300.0 0.188 626.1 300.0
D C 366.2 -288.9 1417.4 -462.3 1737.0 248.1 1129.5 565.3 540.5 593.6 896.8 1317.9
F 521.213203 21.213203 0.785398
E 0.000000 0.000000 0.000000 0.000000
W C 983.8 75.7 1850.3 696.6 1576.2 1427.9 920.3 1219.9 483.7 821.8 223.1 1588.9
W E 0.117 268.3 163.5 -2.671 268.3 523.2 -0.644 618.1 268.3 -0.321 443.8 268.3 0.047 281.4 268.3 0.188 560.1 268.3
D C 365.1 -288.1 1419.4 -462.9 1739.8 248.5 1128.6 564.8 537.0 589.7 898.0 1319.6
F 521.213203 21.213203 0.785398
E 0.000000 0.000000 0.000000 0.000000
W C 983.7 75.7 1849.7 696.3 1576.2 1427.8 920.3 1219.9 483.8 821.4 223.2 1588.6
W E 0.117 245.0 149.2 -2.671 245.0 477.7 -0.644 564.2 245.0 -0.321 405.1 245.0 0.047 256.9 245.0 0.188 511.4 245.0
D C 365.1 -288.1 1413.4 -460.9 1740.2 248.6 1129.9 565.5 538.2 591.0 896.5 1317.5
F 521.213203 21.213203 0.785398
E 0.000000 0.000000 0.000000 0.000000
W C 983.6 75.7 1849.9 696.4 1575.7 1427.1 920.4 1220.3 483.8 821.5 223.2 1588.5
W E 0.117 226.8 138.2 -2.671 226.8 442.2 -0.644 522.3 226.8 -0.321 375.1 226.8 0.047 237.8 226.8 0.188 473.5 226.8
D C 364.7 -287.8 1418.5 -462.6 1734.9 247.8 1132.6 566.8 539.8 592.8 897.2 1318.4
F 521.213203 21.213203 0.785398
E 0.000000 0.000000 0.000000 0.000000
W C 983.5 75.7 1850.0 696.4 1575.6 1427.0 920.5 1220.5 483.7 821.7 223.2 1588.5
W E 0.117 212.1 129.3 -2.671 212.1 413.7 -0.644 488.5 212.1 -0.321 350.8 212.1 0.047 222.5 212.1 0.188 442.9 212.1
D C 364.9 -287.9 1417.5 -462.3 1738.0 248.2 1131.9 566.5 540.7 593.8 897.5 1318.9
F 521.213203 21.213203 0.785398
E 0.000000 0.000000 0.000000 0.000000
W C 983.4 75.7 1850.0 696.4 1575.6 1427.0 920.6 1220.8 483.7 821.7 223.2 1588.6
W E 0.117 200.0 121.9 -2.671 200.0 390.1 -0.644 460.5 200.0 -0.321 330.8 200.0 0.047 209.7 200.0 0.188 417.6 200.0
D C 365.2 -288.2 1416.6 -462.0 1739.8 248.5 1132.5 566.8 539.6 592.6 898.1 1319.8
F 521.213203 21.213203 0.785398
E 0.000000 0.000000 0.000000 0.000000
W C 983.5 75.7 1849.7 696.8 1575.6 1427.0 920.6 1220.7 483.7 821.7 223.2 1588.5
W E 0.117 189.7 115.6 -2.671 189.7 370.1 -0.644 436.8 189.7 -0.321 313.8 189.7 0.047 199.0 189.7 0.188 396.2 189.7
D C 365.8 -288.6 1417.7 -457.6 1739.7 248.5 1129.9 565.5 539.5 592.4 897.2 1318.4
F 521.213203 21.213203 0.785398
E 0.000000 0.000000 0.000000 0.000000
W C 983.3 75.7 1849.9 696.8 1575.6 1426.9 920.6 1221.0 483.7 821.8 223.2 1588.7
W E 0.117 180.9 110.2 -2.671 180.9 352.9 -0.644 416.5 180.9 -0.321 299.3 180.9 0.047 189.7 180.9 0.188 377.7 180.9
D C 364.1 -287.3 1419.0 -462.8 1739.0 248.4 1133.0 567.0 539.7 592.7 898.8 1320.8
F 521.213203 21.213203 0.785398
E 0.000000 0.000000 0.000000 0.000000
W C 983.3 75.7 1849.9 696.8 1575.7 1427.2 920.7 1221.1 483.7 821.7 223.2 1588.6
W E 0.117 173.2 105.5 -2.671 173.2 337.8 -0.644 398.7 173.2 -0.321 286.5 173.2 0.047 181.7 173.2 0.188 361.7 173.2
D C 364.5 -287.7 1416.9 -462.1 1743.3 249.0 1132.5 566.8 539.1 592.1 896.9 1318.1
F 521.213203 21.213203 0.785398
E 0.000000 0.000000 0.000000 0.000000
W C 983.2 75.7 1850.3 697.0 1575.8 1427.3 920.7 1221.0 483.7 821.9 223.2 1588.6
W E 0.117 166.4 101.4 -2.671 166.4 324.6 -0.644 383.0 166.4 -0.321 275.3 166.4 0.047 174.5 166.4 0.188 347.5 166.4
D C 365.0 -288.0 1423.0 -464.1 1741.8 248.8 1130.1 565.6 541.0 594.1 897.9 1319.5
F 538.723129 38.726076 0.785447
E 2.356215 0.952048 6.130702 0.076843
W C 984.6 77.0 1851.5 698.2 1577.1 1428.6 921.9 1222.3 485.0 823.1 224.4 1589.8
W E 0.115 160.4 97.5 -2.672 160.4 312.6 -0.643 368.9 160.4 -0.321 265.1 160.4 0.048 168.0 160.4 0.189 334.8 160.4
D C 365.2 -288.2 1416.0 -461.8 1740.2 248.6 1131.2 566.1 539.4 592.4 896.8 1317.9
F 570.010537 69.964677 0.784845
E 2.356246 4.925650 12.550592 0.144119
W C 987.6 80.1 1853.8 700.7 1579.0 1430.7 923.3 1222.0 487.3 825.4 226.3 1592.3
W E 0.106 154.8 93.6 -2.673 154.9 301.6 -0.643 356.1 154.9 -0.319 255.7 154.9 0.047 162.0 154.9 0.191 323.4 154.9
D C 352.2 -286.8 1402.9 -457.5 1715.5 250.4 1074.3 550.0 518.5 594.6 878.1 1325.0
F 601.597279 101.464178 0.783700
E 0.783616 16.717517 10.295776 0.172669
W C 991.0 83.5 1856.5 702.9 1581.7 1432.5 925.5 1222.5 490.2 828.1 228.7 1594.8
W E 0.092 149.6 90.0 -2.674 150.0 291.9 -0.643 344.7 150.0 -0.317 247.3 150.0 0.042 156.6 150.0 0.194 313.5 150.0
D C 313.8 -287.5 1365.2 -463.9 1681.8 240.2 1048.8 549.2 488.9 592.9 846.9 1321.6
F 633.415653 132.828014 0.781105
E 0.774473 20.029959 15.904862 0.190881
W C 995.2 87.7 1858.8 704.9 1584.6 1434.0 927.9 1222.5 493.5 830.3 228.9 1594.9
W E 0.071 144.6 86.8 -2.675 145.6 283.1 -0.642 334.5 145.6 -0.315 239.7 145.6 0.031 151.8 145.5 0.194 313.3 150.0
D C 279.2 -282.2 1324.1 -454.4 1640.5 244.6 1000.7 547.8 445.3 586.2
F 633.315122 132.692926 0.780890
E 0.774078 19.979249 14.995281 0.171442
W C 997.3 90.1 1858.5 705.5 1586.4 1434.6 929.5 1221.8 495.9 831.6 229.0 1594.9
W E 0.057 140.2 84.1 -2.677 141.5 275.5 -0.641 325.6 141.5 -0.313 233.1 141.5 0.026 147.6 141.4 0.194 313.1 150.0
D C 260.9 -280.4 1277.2 -447.1 1622.9 242.0 985.4 543.3 432.6 584.3
F 665.055903 163.854789 0.778793
E 0.750167 22.755429 20.131823 0.192360
W C 999.6 92.5 1858.2 705.7 1587.6 1434.6 930.9 1220.8 497.8 832.6 229.1 1594.9
W E 0.035 135.8 81.5 -2.678 137.8 268.3 -0.641 317.3 137.7 -0.310 226.8 137.8 0.013 143.8 137.7 0.194 313.1 150.0
D C 216.5 -277.0 1229.1 -443.0 1564.3 248.0 933.0 544.7 379.5 588.2
F 696.839980 194.931041 0.777931
E -0.223375 25.405753 25.115797 0.202701
W C 1003.7 95.7 1858.3 706.3 1589.6 1434.7 933.1 1220.1 500.1 834.2 229.1 1594.9
W E 0.005 131.1 79.1 -2.680 134.3 261.5 -0.640 309.5 134.3 -0.308 220.9 134.3 -0.009 140.1 134.1 0.194 313.1 150.1
D C 187.9 -278.9 1197.8 -440.1 1532.9 243.0 902.1 541.6 348.6 590.7
F 728.563373 225.704091 0.773399
E -0.733553 30.394739 27.371977 0.208169
W C 1009.2 99.2 1859.0 707.0 1592.0 1434.9 935.5 1220.1 502.9 836.4 229.1 1594.9
W E -0.031 126.0 76.9 -2.682 131.1 255.1 -0.640 302.2 131.1 -0.305 215.3 131.1 -0.039 136.8 130.8 0.194 313.1 150.1
D C 155.6 -276.2 1169.5 -441.9 1500.5 242.6 873.3 546.4 318.8 593.1
F 760.174074 256.264350 0.771965
E -0.757729 35.303504 29.350449 0.211596
W C 1016.3 102.7 1859.8 707.8 1594.4 1435.5 938.0 1220.2 505.7 838.6 229.1 1594.8
W E -0.072 120.7 75.0 -2.683 128.2 249.0 -0.639 295.3 128.1 -0.303 210.0 128.2 -0.072 133.8 127.7 0.194 313.0 150.1
D C 124.8 -274.1 1131.1 -439.3 1466.0 246.2 832.9 546.4 280.4 594.1
F 759.917030 255.835109 0.770557
E -0.751498 34.114809 29.196123 0.188654
W C 1020.0 104.8 1860.1 708.2 1595.8 1435.5 939.6 1220.0 507.4 840.1 229.1 1594.8
W E -0.105 116.7 73.3 -2.685 125.4 243.6 -0.638 289.0 125.4 -0.300 205.3 125.4 -0.094 131.1 124.8 0.194 313.0 150.1
D C 113.1 -277.2 1117.5 -438.0 1443.4 251.6 818.1 551.1 264.3 597.6
F 791.795605 286.705323 0.768040
E -0.767660 38.715838 31.048558 0.204540
W C 1023.5 106.5 1860.0 708.5 1596.9 1435.3 941.0 1219.6 508.5 841.5 229.1 1594.8
W E -0.144 112.3 71.8 -2.687 122.8 238.4 -0.638 283.1 122.8 -0.298 200.8 122.9 -0.119 128.6 122.0 0.194 313.0 150.1
D C 67.3 -274.8 1066.3 -436.9 1395.6 247.7 770.4 547.0 214.8 601.8
F 823.175559 318.391186 0.777734
E -2.356267 32.859632 43.496948 0.216459
W C 1023.8 106.7 1859.4 710.4 1597.1 1436.5 941.9 1219.5 509.7 842.9 229.0 1594.8
W E -0.148 112.1 71.6 -2.688 120.4 233.5 -0.637 277.6 120.4 -0.296 196.6 120.5 -0.140 126.4 119.4 0.194 313.0 150.1
D C 1026.6 -435.5 1364.7 246.5 735.6 539.4 184.2 595.6
F 823.280949 318.423635 0.777336
E -2.361131 32.758302 42.592949 0.196224
W C 1023.8 106.7 1858.5 710.5 1597.0 1436.1 942.0 1218.6 509.6 843.2 229.1 1594.8
W E -0.150 112.1 71.5 -2.690 118.2 229.2 -0.637 272.7 118.1 -0.294 192.8 118.2 -0.152 124.3 116.9 0.194 313.0 150.1
D C 997.1 -433.8 1324.9 251.9 698.2 545.7 146.0 600.5
F 854.943297 350.133384 0.779098
E -2.375658 34.454322 46.597744 0.206062
W C 1023.9 106.8 1857.5 711.5 1596.5 1436.5 941.9 1218.2 509.4 843.7 231.7 1596.0
W E -0.152 112.0 71.3 -2.692 116.1 224.3 -0.636 267.1 116.0 -0.293 188.5 116.1 -0.180 122.2 114.5 0.207 300.5 145.8
D C 958.2 -434.5 1292.7 249.9 666.4 544.3 474.7 1317.1 112.0 603.8
F 886.174832 381.270743 0.777646
E -2.384462 35.898474 50.526395 0.207381
W C 1030.2 107.6 1856.3 713.0 1596.3 1437.0 942.1 1218.0 509.6 844.8 234.5 1597.3
W E -0.199 105.3 70.4 -2.693 114.1 219.6 -0.636 261.7 114.0 -0.292 184.4 114.1 -0.203 120.3 112.1 0.220 290.2 142.0
D C -47.4 -285.1 925.1 -422.9 1257.2 251.0 631.5 545.5 438.5 1317.1 81.6 604.0
F 917.161159 412.447798 0.775662
E -2.390932 37.284833 54.437376 0.208709
W C 1036.0 108.2 1855.5 715.0 1595.9 1437.8 942.4 1218.2 509.8 846.2 237.2 1598.9
W E -0.240 100.1 69.6 -2.695 112.2 215.0 -0.635 256.6 112.1 -0.292 180.4 112.2 -0.219 118.6 109.8 0.232 281.1 138.5
D C -78.6 -288.4 896.0 -426.3 1220.4 251.5 601.9 546.3 407.1 1316.5 48.0 606.7
F 948.489179 444.207315 0.783290
E -2.395907 38.711916 58.425046 0.212444
W C 1036.1 108.2 1854.8 716.7 1595.4 1438.6 942.8 1218.1 509.9 847.2 238.7 1599.9
W E -0.243 99.9 69.6 -2.696 110.4 210.7 -0.635 251.7 110.4 -0.292 176.7 110.4 -0.227 117.0 107.6 0.243 273.1 135.3
D C 848.2 -429.4 1172.2 252.8 550.1 540.9 358.9 1316.4 -4.2 609.6
F 979.297095 475.959657 0.789583
E -2.399783 40.065261 62.393337 0.214431
W C 1036.1 108.1 1854.6 719.6 1594.9 1440.2 943.7 1218.6 510.5 848.9 239.9 1601.4
W E -0.244 99.9 69.5 -2.698 108.8 206.5 -0.634 246.9 108.7 -0.293 173.2 108.7 -0.229 115.6 105.5 0.254 265.8 132.3
D C 833.9 -428.6 1149.7 255.4 535.0 545.7 342.8 1320.9 -21.1 610.9
F 979.206176 475.843574 0.790402
E -2.401979 39.890643 61.404892 0.191102
W C 1036.1 108.1 1854.2 720.8 1594.5 1440.6 944.1 1218.5 510.5 849.7 240.9 1602.3
W E -0.245 99.9 69.5 -2.699 107.2 202.8 -0.634 242.7 107.1 -0.294 170.0 107.1 -0.228 114.3 103.6 0.263 259.5 129.6
D C 801.3 -430.7 1119.8 252.3 506.2 542.3 317.0 1321.4 -51.5 614.4
F 1010.931699 507.499040 0.790552
E -2.404235 41.197427 65.269223 0.205879
W C 1036.0 108.0 1853.3 721.7 1594.3 1440.7 944.3 1218.1 510.5 850.3 241.6 1603.2
W E -0.246 99.8 69.4 -2.700 105.7 199.2 -0.634 238.5 105.6 -0.295 166.9 105.6 -0.224 113.1 101.8 0.272 253.6 127.1
D C 743.2 -420.3 1069.2 254.8 450.7 543.2 262.7 1326.0 -104.8 612.2
F 1041.986083 539.260032 0.793189
E -2.406095 42.439744 69.208649 0.212644
W C 1035.9 107.9 1852.7 724.0 1594.0 1441.7 945.2 1218.3 510.7 851.3 242.9 1604.1
W E -0.246 99.8 69.4 -2.701 104.2 195.7 -0.633 234.5 104.1 -0.298 164.0 104.1 -0.218 112.0 100.1 0.280 248.2 124.9
D C 724.6 -421.6 1054.6 251.3 437.8 541.0 248.2 1316.0 -122.5 613.4
F 1073.233978 571.088037 0.795916
E -2.407127 43.631382 73.202490 0.215932
W C 1035.8 107.8 1852.2 726.0 1593.8 1442.5 946.1 1218.5 510.8 852.3 243.8 1605.0
W E -0.247 99.8 69.4 -2.702 102.9 192.3 -0.633 230.6 102.7 -0.301 161.2 102.6 -0.209 111.0 98.5 0.288 243.1 122.8
D C 681.4 -422.0 1006.0 252.8 390.4 541.0 199.3 1322.5 -167.7 618.9
F 1073.380923 570.727617 0.794637
E -2.407768 43.428180 72.391759 0.192984
W C 1035.7 107.8 1851.5 727.2 1593.6 1442.9 946.5 1218.4 510.7 853.1 244.8 1605.7
W E -0.247 99.8 69.4 -2.702 101.6 189.3 -0.633 227.1 101.4 -0.304 158.7 101.3 -0.201 110.0 97.1 0.295 238.6 120.8
D C 664.2 -417.0 990.9 255.5 375.1 544.0 182.3 1319.4 -184.1 619.0
F 1104.761770 602.156824 0.792501
E -2.407426 44.605644 76.361566 0.211681
W C 1035.6 107.7 1851.0 728.7 1593.3 1443.5 947.2 1218.5 510.8 853.1 245.8 1606.6
W E -0.247 99.8 69.4 -2.702 100.4 186.5 -0.633 223.7 100.2 -0.308 156.4 99.9 -0.207 110.0 97.0 0.302 234.5 119.0
D C 632.6 -416.4 954.7 261.8 340.5 546.0 145.9 1324.3
F 1135.991190 633.706049 0.794401
E -2.406409 45.742228 80.461906 0.221127
W C 1035.5 107.7 1850.6 730.7 1593.2 1444.4 948.4 1219.0 510.8 853.1 246.9 1607.5
W E -0.247 99.8 69.4 -2.702 99.2 183.7 -0.633 220.5 99.0 -0.312 154.3 98.6 -0.210 109.9 96.9 0.308 230.6 117.3
D C 600.0 -416.4 924.3 259.6 313.0 545.7 117.1 1324.1
F 1167.090486 665.111212 0.793766
E -2.405182 46.826063 84.626492 0.225733
W C 1035.4 107.6 1850.3 733.0 1593.3 1445.4 949.9 1219.6 510.8 853.0 247.7 1608.7
W E -0.247 99.8 69.4 -2.702 98.0 181.1 -0.633 217.4 97.9 -0.317 152.3 97.3 -0.212 109.9 96.9 0.314 227.0 115.7
D C 565.1 -415.8 892.5 259.6 281.0 546.6 85.1 1335.0
F 1198.566213 696.391210 0.792274
E -2.403783 47.867725 88.838960 0.228217
W C 1035.2 107.5 1850.0 735.1 1593.3 1446.4 951.2 1220.3 510.9 852.9 248.6 1609.7
W E -0.248 99.8 69.4 -2.701 96.9 178.6 -0.633 214.3 96.8 -0.322 150.5 96.0 -0.213 109.9 96.8 0.320 223.6 114.3
D C 518.1 -408.9 845.8 268.6 232.5 552.9 27.6 1332.7
F 1198.507500 695.910857 0.791621
E -2.403967 47.638989 88.070593 0.205322
W C 1035.1 107.5 1849.7 736.4 1593.2 1447.0 952.0 1220.7 510.9 852.9 249.3 1610.6
W E -0.248 99.8 69.4 -2.700 95.9 176.3 -0.633 211.6 95.8 -0.326 148.8 94.8 -0.214 109.9 96.8 0.325 220.5 113.0
D C 506.2 -414.8 830.8 263.9 219.6 550.2 23.5 1330.5
F 1229.705943 727.029574 0.791244
E -2.402934 48.636883 92.174047 0.219009
W C 1035.0 107.4 1849.5 738.3 1593.3 1447.7 953.1 1221.3 510.9 852.9 249.9 1611.5
W E -0.248 99.8 69.4 -2.699 94.9 174.2 -0.634 208.9 94.8 -0.330 147.3 93.6 -0.215 109.8 96.8 0.330 217.6 111.7
D C 477.6 -411.3 797.6 264.2 186.2 548.0 -17.4 1336.7
F 1260.681276 758.244972 0.794800
E -2.401721 49.593724 96.373556 0.225919
W C 1034.9 107.3 1849.5 740.5 1593.5 1448.6 954.5 1222.1 511.0 852.8 250.6 1612.4
W E -0.248 99.8 69.3 -2.697 93.9 172.2 -0.634 206.3 93.8 -0.335 146.0 92.4 -0.216 109.8 96.8 0.335 214.9 110.6
D C 442.9 -413.4 768.5 265.0 157.6 551.3 -42.1 1337.7
F 1291.555768 789.219413 0.794251
E -2.400412 50.499488 100.618309 0.229361
W C 1034.7 107.2 1849.7 743.1 1593.8 1449.5 956.0 1223.2 511.0 852.7 251.3 1613.4
W E -0.248 99.8 69.3 -2.695 92.9 170.2 -0.635 203.8 92.9 -0.339 144.7 91.2 -0.217 109.8 96.8 0.339 212.3 109.5
D C 412.3 -411.7 732.1 265.1 123.6 552.2 -83.4 1341.0
F 1291.326380 788.412779 0.793999
E -2.400340 50.222153 99.907394 0.206959
W C 1034.6 107.1 1849.8 744.7 1593.9 1450.2 957.0 1224.0 511.0 852.7 251.7 1614.1
W E -0.248 99.8 69.3 -2.693 91.9 168.5 -0.635 201.5 92.0 -0.342 143.6 90.0 -0.218 109.8 96.8 0.343 209.9 108.5
D C 396.0 -412.7 718.6 267.7 109.5 552.9 -99.9 1340.5
F 1322.614604 819.519517 0.794532
E -2.399168 51.111545 104.096497 0.221066
W C 1034.5 107.1 1850.0 746.1 1594.0 1450.8 958.0 1224.7 511.0 852.6 252.0 1614.9
W E -0.248 99.8 69.3 -2.690 91.0 166.9 -0.636 199.4 91.1 -0.345 142.6 88.9 -0.218 109.8 96.8 0.346 207.7 107.6
D C 351.1 -414.0 669.9 270.9 62.8 555.0 -150.2 1344.9
F 1353.673486 850.404447 0.792996
E -2.398008 51.950869 108.370945 0.228107
W C 1034.3 107.0 1850.4 747.8 1594.3 1451.5 959.0 1225.6 511.1 852.6 252.1 1615.7
W E -0.248 99.8 69.3 -2.688 90.0 165.4 -0.637 197.2 90.3 -0.347 141.7 87.8 -0.219 109.8 96.8 0.350 205.5 106.7
D C 320.9 -415.8 639.9 270.2 31.9 553.6 -180.6 1353.2
F 1384.512843 881.220139 0.794374
E -2.396822 52.749962 112.720593 0.231915
W C 1034.2 106.9 1851.2 750.1 1594.6 1452.3 960.1 1226.9 511.0 852.5 252.7 1616.5
W E -0.249 99.9 69.3 -2.684 89.1 164.1 -0.638 195.2 89.5 -0.349 140.8 86.8 -0.220 109.8 96.8 0.353 203.5 105.9
D C 291.5 -415.9 612.0 274.1 1.3 557.3 -209.2 1346.5
F 1415.605383 911.914294 0.792909
E -2.394690 53.537722 117.411719 0.242020
W C 1034.0 106.8 1852.3 752.3 1595.5 1453.1 961.2 1228.4 511.0 852.4 252.9 1616.5
W E -0.249 99.9 69.4 -2.682 88.1 163.0 -0.639 193.5 88.7 -0.349 140.1 85.8 -0.220 109.8 96.8 0.352 203.2 105.9
D C 259.1 -419.8 579.9 274.8 -29.7 560.6
F 1415.702385 911.111572 0.790294
E -2.394158 53.193417 116.794269 0.222262
W C 1033.9 106.8 1852.7 752.7 1595.5 1453.6 961.5 1229.1 511.0 852.4 253.3 1616.6
W E -0.249 99.9 69.4 -2.680 87.2 162.1 -0.640 192.1 88.0 -0.349 139.5 84.9 -0.221 109.8 96.8 0.352 203.0 105.9
D C 214.4 -418.7 534.3 275.6 -76.7 561.9
F 1446.858190 941.638227 0.789608
E -2.392513 53.953631 121.436807 0.237873
W C 1033.8 106.7 1853.6 754.0 1596.1 1454.2 961.9 1230.2 510.9 852.3 253.5 1616.6
W E -0.249 99.9 69.4 -2.678 86.2 161.2 -0.641 190.7 87.2 -0.348 138.8 84.1 -0.221 109.8 96.8 0.352 202.9 105.9
D C 201.0 -417.5 520.5 278.7 -95.3 567.1
F 1478.159630 972.037219 0.784914
E -2.391150 54.667979 126.225534 0.246942
W C 1033.7 106.7 1854.6 755.1 1596.5 1454.7 962.3 1231.3 510.9 852.2 253.7 1616.6
W E -0.249 99.9 69.4 -2.677 85.3 160.5 -0.642 189.5 86.5 -0.347 138.3 83.3 -0.221 109.7 96.8 0.352 202.7 105.9
D C 156.5 -420.1 471.2 282.9 -139.0 568.0
F 1508.847227 1001.919257 0.784987
E -2.390181 55.338433 131.130476 0.252552
W C 1033.5 106.6 1856.5 756.9 1597.6 1455.3 962.6 1232.8 510.7 852.1 253.6 1616.5
W E -0.249 99.9 69.4 -2.676 84.3 159.8 -0.644 188.4 85.7 -0.346 137.7 82.6 -0.222 109.7 96.8 0.352 202.6 105.9
D C 142.9 -418.5 452.7 285.2 -155.2 572.6
F 1508.934131 1000.815932 0.778966
E -2.389765 55.041633 130.557607 0.236928
W C 1033.5 106.6 1857.2 757.5 1598.2 1455.9 962.6 1232.8 510.6 852.0 253.6 1616.4
W E -0.249 99.9 69.4 -2.675 83.4 159.3 -0.644 187.6 85.1 -0.348 137.7 82.5 -0.222 109.7 96.8 0.352 202.5 105.9
D C 110.2 -416.7 423.6 285.4
F 1540.973492 1031.223949 0.770825
E -2.388572 55.820766 135.652036 0.255458
W C 1033.4 106.6 1857.9 758.0 1598.8 1456.4 962.5 1232.9 510.6 852.0 253.4 1616.4
W E -0.249 99.9 69.4 -2.675 82.6 158.8 -0.645 186.8 84.4 -0.349 137.6 82.4 -0.223 109.7 96.8 0.352 202.5 105.9
D C 66.5 -419.3 375.4 287.9
F 1572.594723 1061.164606 0.765791
E -2.387885 56.547360 140.948988 0.267547
W C 1033.4 106.6 1859.4 758.9 1600.2 1457.1 962.0 1232.8 510.4 851.8 252.9 1616.2
W E -0.249 99.9 69.4 -2.676 81.7 158.4 -0.646 186.3 83.7 -0.350 137.6 82.4 -0.223 109.7 96.8 0.352 202.4 105.9
D C 49.9 -423.1 356.3 291.0
F 1604.257379 1091.071567 0.758972
E -2.388001 57.215579 146.428952 0.275852
W C 1033.3 106.6 1860.8 759.7 1601.5 1457.9 961.5 1232.6 510.2 851.7 252.4 1616.0
W E -0.249 99.9 69.4 -2.677 80.9 158.0 -0.646 185.8 83.0 -0.350 137.5 82.3 -0.223 109.7 96.8 0.352 202.3 105.9
D C 4.2 -422.5 309.2 293.0
F 1603.888224 1090.383951 0.756015
E -2.388879 56.854777 145.744434 0.257483
W C 1033.3 106.6 1861.6 759.9 1602.2 1458.6 961.2 1232.5 510.1 851.7 252.2 1615.9
W E -0.249 99.9 69.4 -2.678 80.1 157.6 -0.646 185.4 82.4 -0.351 137.4 82.3 -0.224 109.7 96.8 0.352 202.3 105.9
D C -11.4 -425.9 290.8 293.1
F 1635.664494 1120.358625 0.754856
E -2.389412 57.515743 151.310581 0.271936
W C 1033.2 106.6 1862.8 760.4 1603.2 1459.6 960.8 1232.4 510.0 851.6 251.7 1615.7
W E -0.249 99.9 69.4 -2.679 79.4 157.3 -0.646 185.0 81.7 -0.352 137.4 82.3 -0.224 109.7 96.8 0.352 202.2 105.9
D C -39.0 -426.5 257.8 295.7
F 1667.598481 1150.296205 0.750441
E -2.390591 58.105716 157.125861 0.282184
W C 1033.2 106.6 1863.9 760.6 1603.9 1460.6 960.4 1232.2 509.8 851.5 251.4 1615.6
W E -0.249 99.9 69.4 -2.681 78.8 157.0 -0.646 184.7 81.0 -0.352 137.3 82.2 -0.224 109.7 96.8 0.352 202.2 105.9
D C -86.6 -430.1 204.9 297.1
F 1698.008926 1180.430941 0.764606
E -2.391914 58.638156 163.213547 0.290671
W C 1033.1 106.6 1865.7 760.8 1605.2 1462.6 959.6 1232.0 509.6 851.4 250.7 1615.3
W E -0.249 99.9 69.4 -2.683 78.2 156.8 -0.646 184.5 80.1 -0.353 137.3 82.2 -0.224 109.7 96.8 0.352 202.1 105.9
D C -102.3 -432.3 187.1 295.9
F 1726.813516 1211.773681 0.839178
E -2.391212 59.420320 169.508349 0.305436
W C 1033.1 106.6 1867.9 760.8 1605.7 1464.0 958.9 1231.8 509.4 851.3 250.0 1615.0
W E -0.249 99.9 69.4 -2.685 77.8 156.5 -0.645 184.2 79.2 -0.354 137.3 82.2 -0.225 109.7 96.8 0.352 202.1 105.9
D C -146.8 -436.5 137.0 299.6
F 1726.897095 1209.908556 0.825560
E -2.392088 58.925783 168.750221 0.285779
W C 1033.0 106.6 1869.4 760.7 1606.0 1465.1 958.5 1231.7 509.2 851.2 249.6 1614.9
W E -0.249 99.9 69.4 -2.687 77.3 156.3 -0.643 184.0 78.5 -0.354 137.2 82.2 -0.225 109.7 96.8 0.352 202.1 105.9
D C -165.7 -434.5 126.2 295.0
F 1753.111036 1246.059496 0.924446
E -2.389957 59.893431 175.604568 0.316662
W C 1033.0 106.6 1869.4 760.4 1606.2 1466.1 958.5 1231.6 509.2 851.2 249.6 1614.9
W E -0.249 99.9 69.4 -2.687 77.3 156.2 -0.641 183.9 77.6 -0.354 137.2 82.1 -0.225 109.7 96.8 0.352 202.1 105.9
D C 111.4 279.3
F 1776.028245 1284.079867 1.025060
E -2.385073 60.606061 180.990218 0.319579
W C 1033.0 106.6 1869.5 759.8 1606.9 1466.9 958.7 1231.6 509.3 851.1 248.4 1614.7
W E -0.249 99.9 69.4 -2.685 77.1 156.0 -0.644 183.0 76.1 -0.355 137.2 82.1 -0.225 109.7 96.8 0.355 199.5 105.5
D C 87.3 262.1 -513.4 1503.6
F 1795.479642 1322.849430 1.120006
E -2.375679 61.071258 186.325491 0.323938
W C 1032.9 106.5 1869.3 758.8 1608.2 1468.9 958.9 1231.5 509.4 851.1 247.5 1613.9
W E -0.249 99.9 69.4 -2.683 76.9 155.8 -0.644 182.3 74.3 -0.355 137.1 82.1 -0.225 109.7 96.8 0.358 197.3 105.2
D C 78.5 256.7 -485.0 1510.9
F 1811.352915 1362.912830 1.214520
E -2.362064 61.416160 191.512424 0.329403
W C 1032.8 106.5 1869.0 757.7 1609.3 1470.9 959.2 1231.4 509.4 851.1 246.7 1613.2
W E -0.249 99.9 69.5 -2.681 76.7 155.5 -0.644 181.6 72.5 -0.356 137.0 82.1 -0.226 109.7 96.8 0.361 195.4 104.9
D C 53.9 237.6 -385.1 1552.8
F 1812.107542 1361.728837 1.213206
E -2.362893 61.069139 189.725986 0.305656
W C 1032.8 106.4 1868.9 757.2 1610.0 1471.7 959.4 1231.4 509.4 851.1 245.9 1612.7
W E -0.249 99.9 69.5 -2.679 76.5 155.4 -0.644 181.1 71.1 -0.356 137.0 82.1 -0.226 109.7 96.8 0.364 193.8 104.6
D C 44.0 233.1 -357.2 1562.8
F 1824.199578 1403.059542 1.307844
E -0.775801 194.628682 61.435617 0.320638
W C 1032.8 106.4 1868.7 756.3 1610.8 1473.1 959.6 1231.4 509.5 851.1 245.2 1612.2
W E -0.249 99.9 69.5 -2.677 76.4 155.2 -0.642 180.6 69.7 -0.356 137.0 82.1 -0.226 109.7 96.9 0.367 192.4 104.4
D C 28.3 225.5 -276.6 1587.1
F 1831.069325 1446.554125 1.411398
E -0.753359 201.170790 62.058363 0.356496
W C 1032.7 106.4 1868.5 755.6 1610.9 1474.7 959.8 1231.3 509.5 851.1 245.6 1612.2
W E -0.249 99.9 69.5 -2.676 76.3 155.1 -0.639 180.3 68.8 -0.357 136.9 82.1 -0.226 109.7 96.9 0.367 192.4 104.4
D C 12.0 220.5
F 1833.396098 1489.206942 1.515861
E -0.725430 207.839409 63.152544 0.387509
W C 1032.7 106.3 1868.4 754.9 1610.7 1476.4 960.0 1231.2 509.6 851.1 246.1 1612.3
W E -0.249 100.0 69.5 -2.675 76.2 155.0 -0.636 180.1 68.2 -0.357 136.9 82.1 -0.226 109.7 96.9 0.367 192.3 104.4
D C -3.5 218.5
F 1831.399160 1533.024001 1.612986
E -0.690871 214.881381 65.121294 0.416222
W C 1032.7 106.3 1868.3 754.4 1610.5 1477.4 960.1 1231.2 509.6 851.1 246.5 1612.5
W E -0.249 100.0 69.5 -2.675 76.1 155.0 -0.634 179.9 67.8 -0.357 136.9 82.1 -0.226 109.7 96.9 0.367 192.2 104.4
D C -31.5 220.8
F 1831.399160 1533.024001 1.612986
E -0.690871 214.881381 65.121294 0.416222
W C 1032.7 106.3 1868.3 754.4 1610.5 1477.4 960.1 1231.2 509.6 851.1 246.5 1612.5
W E -0.249 100.0 69.5 -2.675 76.1 155.0 -0.634 179.9 67.8 -0.357 136.9 82.1 -0.226 109.8 96.9 0.367 192.2 104.4
D C
F 1829.380602 1574.447972 1.747878
E -0.662061 218.045867 67.948620 0.409860
W C 1032.7 106.3 1868.0 753.7 1611.8 1478.4 960.3 1231.2 509.6 851.1 245.7 1611.5
W E -0.249 100.0 69.5 -2.674 76.0 154.9 -0.636 179.6 67.2 -0.357 136.9 82.1 -0.226 109.8 96.9 0.370 191.0 104.3
D C 122.1 1605.2
F 1822.660680 1613.653327 1.886644
E -0.633884 220.514870 71.091537 0.407616
W C 1032.6 106.3 1867.6 753.2 1612.8 1479.5 960.3 1231.2 509.6 851.1 245.3 1610.5
W E -0.249 100.0 69.5 -2.673 76.0 154.8 -0.637 179.3 66.9 -0.357 136.9 82.1 -0.226 109.8 96.9 0.373 189.9 104.1
D C 253.5 1583.1
F 1794.599530 1650.425782 2.117315
E -0.604721 223.249869 74.346151 0.407056
W C 1032.6 106.2 1868.4 752.1 1614.9 1477.7 961.4 1231.2 507.1 852.1 245.8 1609.7
W E -0.249 100.0 69.5 -2.673 76.0 154.7 -0.638 179.0 66.6 -0.358 136.8 82.1 -0.248 109.2 96.4 0.371 189.5 104.1
D C 310.7 1567.9
F 1803.933987 1651.001733 2.059741
E -0.619408 219.793847 71.954633 0.343108
W C 1032.6 106.2 1868.1 752.3 1614.5 1479.1 962.6 1230.1 506.9 852.6 245.4 1609.1
W E -0.249 100.0 69.5 -2.672 75.9 154.6 -0.640 178.6 66.3 -0.358 136.4 81.7 -0.247 109.2 96.4 0.373 188.4 103.9
D C 493.5 1497.5 -73.5 911.2
F 1787.770806 1684.971036 2.147882
E -0.597869 220.217664 73.400671 0.333373
W C 1032.6 106.2 1867.9 752.4 1614.1 1480.1 963.8 1229.4 506.8 853.1 244.8 1608.3
W E -0.249 100.0 69.5 -2.671 75.9 154.5 -0.641 178.2 66.1 -0.359 136.0 81.3 -0.247 109.2 96.4 0.374 187.4 103.7
D C 546.3 1473.2 -45.1 905.1
F 1766.089520 1718.355269 2.242882
E -0.580973 219.500917 73.954383 0.310224
W C 1032.6 106.2 1867.6 752.7 1613.2 1480.8 964.2 1229.7 507.6 852.5 244.4 1608.2
W E -0.249 100.0 69.5 -2.670 75.8 154.3 -0.644 177.6 65.7 -0.360 135.6 80.9 -0.266 108.7 95.8 0.374 186.1 103.4
D C 718.3 1366.3 51.8 899.4 -70.7 1510.6
F 1738.844940 1747.762868 2.354882
E -0.558620 219.686063 75.319737 0.314821
W C 1032.6 106.2 1867.6 752.7 1613.0 1480.9 965.1 1229.7 507.5 852.9 243.7 1607.3
W E -0.249 100.0 69.5 -2.670 75.8 154.3 -0.645 177.4 65.6 -0.361 135.3 80.6 -0.266 108.7 95.8 0.374 185.2 103.3
D C 821.0 1281.3 108.2 882.4
F 1739.414398 1748.470003 2.344013
E -0.565060 218.201576 73.893436 0.285342
W C 1032.6 106.2 1867.7 752.8 1612.6 1480.9 965.8 1230.0 507.4 852.9 243.4 1606.8
W E -0.249 100.0 69.5 -2.669 75.8 154.2 -0.647 177.1 65.4 -0.362 135.0 80.3 -0.266 108.7 95.8 0.375 184.4 103.1
D C 865.4 1230.7 138.0 879.0
F 1705.857688 1773.168178 2.481749
E -0.542098 218.264602 75.102050 0.302073
W C 1032.6 106.2 1867.7 752.9 1612.3 1480.8 966.3 1230.3 507.4 853.0 243.1 1606.2
W E -0.249 100.0 69.5 -2.669 75.8 154.2 -0.648 176.9 65.3 -0.363 134.7 80.0 -0.266 108.7 95.8 0.376 183.6 102.9
D C 990.5 1087.7 221.3 842.1
F 1672.397530 1794.402650 2.590691
E -0.519315 217.770569 76.417069 0.307297
W C 1032.6 106.2 1867.7 752.8 1612.2 1480.7 967.0 1230.7 507.3 853.1 242.4 1605.4
W E -0.249 100.0 69.5 -2.668 75.8 154.1 -0.649 176.7 65.2 -0.364 134.4 79.7 -0.266 108.7 95.8 0.376 182.9 102.7
D C 1034.3 1035.8 249.3 824.2
F 1634.324640 1811.652113 2.723245
E -0.495504 216.920357 77.972290 0.315127
W C 1032.6 106.2 1867.7 752.8 1612.0 1480.6 967.5 1231.2 507.3 853.1 242.1 1604.8
W E -0.249 100.0 69.6 -2.668 75.7 154.1 -0.649 176.6 65.1 -0.364 134.2 79.4 -0.266 108.7 95.8 0.376 182.2 102.6
D C 1117.9 868.2 321.9 778.7
F 1596.077926 1824.559343 2.840575
E -0.472686 215.559027 79.512974 0.316229
W C 1032.6 106.2 1867.7 752.7 1612.0 1480.5 968.0 1231.7 507.3 853.2 241.6 1604.0
W E -0.249 100.0 69.6 -2.668 75.7 154.0 -0.650 176.4 65.0 -0.365 133.9 79.1 -0.266 108.7 95.8 0.377 181.5 102.4
D C 1169.4 756.9 368.4 738.9
F 1596.028277 1825.196470 2.832794
E -0.477181 214.615499 77.825144 0.285383
W C 1032.6 106.2 1867.8 752.6 1611.9 1480.3 968.4 1232.2 507.2 853.2 241.3 1603.4
W E -0.249 100.0 69.6 -2.667 75.7 154.0 -0.651 176.3 65.0 -0.365 133.7 78.8 -0.266 108.7 95.8 0.377 180.9 102.2
D C 1186.4 692.7 388.9 718.3
F 1554.261634 1830.899662 2.975292
E -0.454419 212.997868 79.174912 0.300721
W C 1032.6 106.2 1867.8 752.6 1611.6 1480.2 968.8 1232.7 507.2 853.2 241.1 1602.8
W E -0.249 100.0 69.6 -2.667 75.7 154.0 -0.651 176.2 64.9 -0.365 133.5 78.5 -0.267 108.7 95.8 0.377 180.4 102.1
D C 1228.1 496.6 441.6 640.4
F 1513.966774 1833.461182 3.097037
E -0.432627 210.830733 80.609737 0.309176
W C 1032.5 106.2 1867.8 752.5 1611.7 1479.9 969.2 1233.4 507.2 853.2 240.5 1602.0
W E -0.249 100.0 69.6 -2.667 75.7 153.9 -0.652 176.0 64.8 -0.365 133.3 78.2 -0.267 108.7 95.8 0.378 179.8 101.9
D C 1241.8 441.1 458.4 619.1
F 1473.031542 1830.041986 -3.058218
E -0.412199 208.266087 82.012972 0.311857
W C 1032.5 106.2 1867.8 752.3 1611.7 1479.7 969.6 1234.0 507.2 853.2 240.1 1601.3
W E -0.249 100.0 69.6 -2.666 75.7 153.9 -0.652 175.9 64.8 -0.365 133.0 78.0 -0.267 108.8 95.8 0.378 179.3 101.7
D C 1244.9 232.8 503.6 533.0
F 1471.281275 1828.497592 -3.048886
E -0.415007 207.532591 80.371534 0.281719
W C 1032.5 106.2 1867.8 752.4 1611.5 1479.6 969.9 1234.6 507.2 853.1 240.2 1600.8
W E -0.249 100.0 69.6 -2.666 75.7 153.9 -0.653 175.8 64.7 -0.365 132.8 77.7 -0.267 108.8 95.8 0.379 178.8 101.5
D C 1219.6 102.2 521.9 470.9
F 1426.992664 1819.142705 -3.001839
E -0.392021 204.443859 80.844481 0.272268
W C 1032.6 106.9 1867.9 751.6 1612.0 1478.7 970.3 1234.8 507.3 853.1 240.2 1599.9
W E -0.248 99.8 69.3 -2.665 75.6 153.8 -0.653 175.6 64.6 -0.363 132.4 77.4 -0.267 108.8 95.8 0.379 178.3 101.2
D C 1209.0 41.7 528.2 442.3 598.4 1583.6
F 1383.052034 1806.991313 -2.965429
E -0.368959 201.114520 82.081093 0.268221
W C 1032.9 106.8 1867.2 751.9 1612.4 1478.5 970.5 1235.4 507.3 853.1 240.4 1599.4
W E -0.248 99.8 69.3 -2.667 75.5 153.4 -0.653 175.5 64.6 -0.362 132.1 77.1 -0.267 108.8 95.8 0.380 177.8 101.0
D C 1155.2 -77.2 513.9 389.1 -227.3 1102.7
F 1340.873956 1793.337448 -2.933607
E -0.345829 197.784250 83.315398 0.265780
W C 1033.0 106.7 1866.5 752.0 1613.1 1478.2 970.5 1235.9 507.3 853.1 240.5 1598.9
W E -0.248 99.8 69.3 -2.668 75.3 153.0 -0.653 175.4 64.5 -0.361 131.8 76.8 -0.267 108.8 95.8 0.380 177.4 100.8
D C 1138.0 -104.2 504.8 377.4 -217.7 1107.8
F 1299.359826 1778.389826 -2.900672
E -0.322861 194.470152 84.489888 0.263787
W C 1033.1 106.7 1866.2 752.0 1613.7 1478.0 970.4 1236.4 507.3 853.1 240.7 1598.5
W E -0.248 99.8 69.3 -2.670 75.2 152.6 -0.654 175.2 64.4 -0.360 131.5 76.6 -0.267 108.8 95.8 0.381 176.9 100.5
D C 1079.7 -145.8 471.7 359.5 -234.2 1119.0
F 1299.992487 1775.042883 -2.883985
E -0.323392 193.505395 82.983934 0.240852
W C 1033.2 106.6 1866.0 752.1 1613.9 1477.7 970.3 1237.0 507.3 853.1 240.8 1598.1
W E -0.248 99.8 69.4 -2.671 75.1 152.2 -0.654 175.1 64.4 -0.359 131.2 76.3 -0.267 108.8 95.8 0.382 176.4 100.3
D C 1061.5 -150.0 458.2 358.1 -251.2 1114.9
F 1257.183183 1760.703817 -2.868048
E -0.299951 190.131438 84.096816 0.251302
W C 1033.2 106.6 1866.0 752.2 1614.1 1477.5 970.2 1237.5 507.3 853.1 241.0 1597.8
W E -0.248 99.8 69.4 -2.673 75.0 151.9 -0.655 175.0 64.4 -0.357 130.9 76.1 -0.267 108.8 95.9 0.383 176.0 100.0
D C 1016.0 -149.9 411.8 358.0 -302.9 1118.1
F 1215.176920 1745.020963 -2.853781
E -0.274040 186.769020 84.348596 0.248298
W C 1033.2 107.0 1866.0 751.7 1614.8 1476.8 970.2 1237.8 507.4 853.1 241.2 1597.2
W E -0.246 99.6 69.1 -2.674 74.8 151.4 -0.655 174.8 64.3 -0.354 130.4 75.8 -0.268 108.8 95.9 0.384 175.6 99.6
D C 985.4 -154.7 381.6 355.0 618.0 1482.2 -325.8 1120.5
F 1174.134008 1729.899030 -2.840428
E -0.249376 183.511846 85.534125 0.255290
W C 1033.3 107.0 1865.9 751.5 1615.5 1476.5 969.7 1238.4 507.4 853.2 241.4 1596.9
W E -0.246 99.6 69.1 -2.675 74.7 151.1 -0.655 174.7 64.2 -0.353 130.0 75.5 -0.268 108.8 95.9 0.385 175.1 99.4
D C 965.4 -154.6 363.7 357.6 -338.5 1125.2
F 1133.991201 1715.771323 -2.835589
E -0.228583 179.795701 85.412047 0.248696
W C 1033.3 107.0 1865.8 751.1 1616.3 1476.1 969.2 1239.3 507.4 852.5 242.0 1597.1
W E -0.246 99.6 69.1 -2.676 74.6 150.8 -0.656 174.5 64.1 -0.352 129.5 75.2 -0.269 108.3 95.0 0.383 174.2 98.9
D C 920.6 -156.1 865.4 667.9 316.4 356.2 -393.2 1128.9
F 1133.816177 1715.394513 -2.835386
E -0.235148 178.626222 83.262263 0.228490
W C 1033.3 107.0 1865.7 751.1 1616.3 1476.0 968.8 1240.0 507.8 852.2 241.8 1596.9
W E -0.246 99.6 69.1 -2.676 74.5 150.7 -0.657 174.3 64.1 -0.350 129.1 74.8 -0.271 107.8 94.3 0.382 173.4 98.4
D C 887.6 -156.1 828.7 664.3 284.4 355.9
F 1091.578428 1701.553364 -2.832531
E -0.213486 175.348304 83.339416 0.242460
W C 1033.3 107.0 1865.7 750.9 1616.5 1475.9 968.3 1240.7 508.1 851.8 241.8 1596.9
W E -0.246 99.6 69.1 -2.676 74.5 150.6 -0.657 174.1 64.0 -0.349 128.6 74.5 -0.273 107.4 93.6 0.381 172.7 98.0
D C 850.6 -157.7 797.1 663.4 250.3 355.9
F 1050.557116 1687.853281 -2.829998
E -0.191393 172.240823 83.469427 0.249405
W C 1033.3 107.0 1865.7 750.7 1616.8 1475.7 967.7 1241.4 508.4 851.3 242.0 1597.0
W E -0.246 99.6 69.1 -2.676 74.5 150.5 -0.658 174.0 63.9 -0.348 128.1 74.2 -0.273 107.0 92.9 0.380 172.0 97.5
D C 818.5 -162.2 765.7 657.4 220.1 357.8
F 1010.766542 1674.004543 -2.823290
E -0.168109 169.246980 83.705267 0.253738
W C 1033.3 107.0 1865.8 750.2 1617.7 1475.5 966.9 1242.2 508.6 850.7 242.6 1597.4
W E -0.246 99.6 69.1 -2.676 74.5 150.5 -0.659 173.8 63.9 -0.348 127.7 73.9 -0.273 106.6 92.3 0.378 171.3 97.0
D C 802.3 -166.7 749.5 655.6 206.9 358.1
F 1010.207488 1674.104773 -2.826593
E -0.174251 168.310467 81.885534 0.232786
W C 1033.3 107.0 1865.7 750.2 1617.5 1475.4 966.7 1242.7 509.0 850.3 242.2 1597.3
W E -0.246 99.6 69.2 -2.676 74.5 150.4 -0.659 173.7 63.8 -0.348 127.2 73.6 -0.273 106.3 91.6 0.378 170.6 96.5
D C 758.5 -167.3 700.8 660.0 156.1 358.9
F 968.853841 1660.516159 -2.826081
E -0.149373 165.551023 82.148070 0.245392
W C 1033.3 107.0 1865.6 750.0 1617.8 1475.3 966.1 1243.2 509.3 849.8 242.2 1597.5
W E -0.246 99.6 69.2 -2.676 74.5 150.4 -0.660 173.6 63.8 -0.348 126.8 73.4 -0.272 105.9 91.1 0.377 170.0 96.0
D C 739.3 -167.8 679.8 660.2 139.5 359.2
F 926.920923 1646.932484 -2.826614
E -0.123770 162.935105 82.533737 0.252388
W C 1033.3 107.0 1865.6 749.9 1618.1 1475.2 965.7 1243.7 509.7 849.3 242.2 1597.8
W E -0.246 99.6 69.2 -2.676 74.5 150.3 -0.660 173.5 63.7 -0.348 126.4 73.1 -0.270 105.5 90.5 0.376 169.4 95.5
D C 693.8 -171.0 631.8 664.6 94.7 360.3
F 885.941435 1633.574848 -2.825353
E -0.097840 160.495946 82.977623 0.255683
W C 1033.3 107.0 1865.6 749.6 1618.4 1475.1 965.1 1244.1 510.1 848.9 242.1 1598.0
W E -0.246 99.6 69.2 -2.675 74.5 150.3 -0.661 173.4 63.7 -0.349 126.0 72.8 -0.267 105.1 89.9 0.375 168.9 95.0
D C 666.3 -170.7 595.6 658.1 63.8 362.6
F 846.268236 1620.307964 -2.818849
E -0.071002 158.209692 83.489087 0.257704
W C 1033.3 107.0 1865.6 749.2 1619.2 1474.9 964.4 1244.4 510.4 848.5 242.4 1598.5
W E -0.246 99.6 69.2 -2.675 74.5 150.2 -0.661 173.3 63.7 -0.350 125.7 72.5 -0.264 104.7 89.4 0.375 168.3 94.5
D C 648.8 -174.7 583.1 656.4 47.9 363.1
F 845.994314 1620.573392 -2.822773
E -0.077215 157.469069 81.524183 0.235930
W C 1033.3 107.0 1865.5 749.2 1619.1 1474.9 964.2 1244.7 510.7 848.2 241.9 1598.6
W E -0.246 99.6 69.2 -2.675 74.4 150.2 -0.662 173.2 63.6 -0.351 125.4 72.3 -0.261 104.3 88.9 0.374 167.8 94.0
D C 603.7 -176.6 536.2 654.4 -0.3 365.0
F 804.147430 1606.666313 -2.809929
E -0.048976 155.371927 82.046031 0.247836
W C 1033.3 107.0 1865.5 749.1 1619.2 1474.8 964.0 1245.1 511.1 847.9 241.4 1598.6
W E -0.246 99.6 69.2 -2.675 74.4 150.2 -0.662 173.1 63.6 -0.353 125.1 72.0 -0.257 103.9 88.4 0.373 167.3 93.4
D C 570.1 -174.4 500.0 654.1 -32.9 366.1
F 762.793447 1591.408169 -2.744177
E -0.020023 153.312912 82.699032 0.262107
W C 1033.3 107.0 1865.4 748.9 1619.4 1474.7 963.6 1245.6 511.6 847.7 240.9 1598.3
W E -0.246 99.6 69.2 -2.675 74.4 150.1 -0.662 173.0 63.6 -0.354 124.8 71.7 -0.253 103.6 87.9 0.373 166.9 92.9
D C 540.6 -176.3 467.2 651.6 -64.7 364.7
F 724.471262 1573.735572 -2.634389
E 0.008430 151.192912 83.413370 0.281772
W C 1033.3 107.0 1865.4 748.6 1619.8 1474.4 963.1 1246.3 512.2 847.6 240.3 1597.9
W E -0.246 99.6 69.2 -2.675 74.4 150.1 -0.663 172.9 63.6 -0.355 124.6 71.4 -0.248 103.2 87.4 0.372 166.5 92.3
D C 495.0 -211.8 473.4 623.2 -72.1 366.8
F 723.781585 1576.235776 -2.658064
E 0.001945 150.614786 81.430216 0.252468
W C 1033.3 107.0 1865.3 748.5 1619.8 1474.3 962.9 1246.8 512.6 847.2 239.6 1597.8
W E -0.246 99.6 69.2 -2.675 74.5 150.0 -0.663 172.8 63.5 -0.357 124.4 71.1 -0.244 102.8 86.9 0.372 166.1 91.8
D C 467.3 -233.0 477.6 609.1 -77.0 367.7
F 687.868717 1551.104861 -2.518383
E 0.034166 148.252878 81.445991 0.270578
W C 1033.9 107.3 1865.3 748.0 1620.1 1473.8 962.6 1247.0 512.8 847.0 239.2 1598.2
W E -0.240 99.1 69.0 -2.675 74.4 149.9 -0.663 172.7 63.5 -0.357 124.1 70.7 -0.235 102.3 86.4 0.371 165.7 90.9
D C 384.1 -301.2 513.5 530.3 421.7 1394.0 -68.8 368.2
F 657.628847 1523.034295 -2.396214
E 0.059660 145.552445 81.243277 0.268624
W C 1034.0 107.7 1865.3 747.6 1620.3 1473.5 962.5 1247.2 513.1 846.6 238.7 1598.2
W E -0.235 98.6 68.8 -2.675 74.4 149.8 -0.663 172.5 63.5 -0.357 123.7 70.3 -0.227 101.7 85.9 0.369 165.3 90.0
D C 292.0 -357.5 542.5 445.9 577.0 1315.3 -59.0 372.3
F 630.592088 1494.989730 -2.306737
E 0.081542 142.565483 81.050515 0.264950
W C 1034.1 108.0 1865.4 747.1 1620.8 1473.1 962.4 1247.3 513.4 846.3 238.2 1598.1
W E -0.229 98.1 68.6 -2.674 74.4 149.7 -0.663 172.3 63.5 -0.357 123.4 69.9 -0.219 101.2 85.4 0.367 165.0 89.2
D C 255.9 -377.3 547.0 414.2 621.5 1275.8 -54.4 372.7
F 630.403208 1493.992412 -2.305431
E 0.075703 141.971571 79.532363 0.241176
W C 1034.2 108.0 1865.3 747.2 1620.7 1473.1 962.2 1247.7 513.8 845.9 237.5 1598.3
W E -0.229 98.1 68.6 -2.674 74.4 149.6 -0.663 172.3 63.5 -0.358 123.3 69.6 -0.214 100.8 85.0 0.367 164.7 88.7
D C 187.9 -402.9 556.5 357.8 -47.5 373.2
F 608.217238 1459.486289 -2.176980
E 0.097190 138.877421 79.597669 0.255202
W C 1034.0 108.4 1865.4 746.8 1621.0 1472.7 962.4 1247.7 514.1 845.4 237.1 1598.1
W E -0.224 97.6 68.5 -2.674 74.4 149.5 -0.663 172.1 63.4 -0.357 123.0 69.2 -0.207 100.3 84.5 0.365 164.3 87.9
D C 120.7 -424.8 560.1 299.9 791.8 1126.0 -41.8 374.4
F 590.227730 1423.932524 -2.064404
E 0.113879 135.582051 79.682365 0.259105
W C 1033.8 108.8 1865.4 746.4 1621.3 1472.4 962.5 1247.9 514.4 844.9 236.5 1597.8
W E -0.219 97.2 68.3 -2.674 74.4 149.4 -0.663 172.0 63.4 -0.357 122.7 68.7 -0.199 99.7 84.1 0.364 163.9 87.2
D C 45.3 -442.5 558.3 237.8 874.6 1034.6 -34.7 373.1
F 575.761220 1388.278208 -1.958768
E 0.122732 132.210490 80.593198 0.275800
W C 1033.2 108.9 1865.5 746.3 1621.6 1472.3 962.6 1248.3 515.1 844.4 235.1 1597.2
W E -0.219 97.1 68.3 -2.674 74.4 149.4 -0.664 171.9 63.4 -0.357 122.6 68.4 -0.196 99.3 83.7 0.363 163.6 86.8
D C 8.6 -446.6 556.9 207.5 -31.4 374.2
F 566.772066 1354.738365 -1.838197
E 0.134079 128.888724 80.522665 0.261691
W C 1033.3 109.1 1865.4 746.1 1622.0 1472.0 962.8 1248.2 515.0 844.0 234.5 1597.4
W E -0.214 96.6 68.1 -2.677 74.2 149.0 -0.664 171.8 63.4 -0.356 122.3 67.9 -0.189 98.7 83.3 0.361 163.2 86.1
D C -104.3 -453.2 534.5 120.4 998.4 846.7 194.9 1410.6 -21.0 374.8
F 569.267873 1352.934767 -1.824426
E 0.136948 127.974917 78.755065 0.222149
W C 1033.1 109.5 1865.3 745.7 1621.8 1471.6 963.3 1248.8 515.7 843.5 233.8 1596.6
W E -0.209 96.2 68.0 -2.679 74.0 148.6 -0.664 171.4 63.3 -0.355 122.0 67.4 -0.182 98.0 82.9 0.360 162.7 85.5
D C -178.0 -446.0 512.5 55.6 1055.3 725.2 322.9 1383.0 -9.3 369.3 -318.6 961.9
F 569.264135 1315.414339 -1.646815
E 0.146354 124.524705 79.337115 0.245556
W C 1033.1 109.9 1865.3 745.4 1621.6 1471.4 963.5 1249.3 516.0 843.1 234.3 1596.3
W E -0.205 95.7 67.8 -2.682 73.8 148.2 -0.664 171.1 63.1 -0.353 121.7 66.9 -0.176 97.3 82.6 0.358 162.5 85.0
D C 488.7 -19.1 1115.7 575.6 473.2 1325.7 13.1 361.8 -220.7 993.5
F 573.607235 1278.892352 -1.489671
E 0.144773 121.086397 79.587331 0.260174
W C 1033.1 110.2 1865.1 745.2 1621.8 1471.1 963.3 1249.6 516.2 842.6 234.7 1596.4
W E -0.201 95.3 67.7 -2.684 73.5 147.8 -0.664 171.0 63.1 -0.350 121.4 66.5 -0.169 96.6 82.2 0.357 162.4 84.7
D C 456.0 -83.1 1153.1 425.6 612.4 1247.4 33.3 351.8
F 585.230816 1243.303341 -1.316214
E 0.126874 117.821961 80.038156 0.277867
W C 1033.2 110.2 1864.8 745.2 1622.0 1471.0 963.1 1250.4 516.3 842.2 234.8 1596.2
W E -0.201 95.2 67.7 -2.686 73.3 147.6 -0.664 171.0 63.1 -0.349 121.3 66.1 -0.165 96.1 81.9 0.356 162.3 84.5
D C 388.3 -177.5 791.3 1096.5 58.8 334.4
F 587.456165 1241.908618 -1.304477
E 0.136897 117.220912 78.701731 0.241595
W C 1033.0 110.5 1864.8 744.9 1622.4 1470.7 963.3 1250.9 516.2 841.8 235.1 1595.4
W E -0.197 94.8 67.5 -2.689 73.1 147.2 -0.664 170.8 63.1 -0.346 121.0 65.6 -0.156 95.4 81.6 0.355 162.1 84.1
D C 361.4 -204.4 1167.8 112.3 848.8 1048.9 66.9 327.2
F 606.511092 1207.584654 -1.119827
E 0.108028 113.984295 78.374913 0.262444
W C 1033.0 110.8 1864.7 744.4 1622.8 1470.3 963.3 1251.4 516.1 841.4 235.6 1595.0
W E -0.193 94.3 67.4 -2.691 72.9 146.9 -0.664 170.7 63.1 -0.344 120.8 65.2 -0.144 94.7 81.3 0.354 162.0 83.8
D C 299.1 -257.6 1139.5 -48.1 958.3 919.4 80.4 309.7
F 628.878480 1177.538300 -0.960854
E 0.070717 111.300545 77.475641 0.267357
W C 1033.2 111.1 1864.6 744.0 1623.2 1470.0 963.1 1251.9 516.0 841.0 236.0 1594.9
W E -0.189 93.9 67.2 -2.693 72.7 146.6 -0.664 170.6 63.1 -0.340 120.5 64.8 -0.127 94.1 80.9 0.353 161.8 83.5
D C 230.0 -296.1 1093.5 -195.8 1039.4 787.0 91.0 291.0
F 654.068002 1151.579872 -0.817184
E 0.031501 109.152999 76.215148 0.266990
W C 1033.3 111.4 1864.7 743.6 1623.5 1469.7 962.9 1252.3 516.0 840.5 236.5 1595.1
W E -0.186 93.5 67.1 -2.694 72.5 146.3 -0.664 170.6 63.1 -0.336 120.2 64.4 -0.107 93.4 80.5 0.352 161.7 83.3
D C 160.0 -329.9 1025.6 -345.0 1108.0 642.3 100.3 272.9
F 680.971187 1126.563388 -0.740374
E -0.003680 107.177203 74.654732 0.257473
W C 1033.4 111.6 1864.7 743.3 1623.6 1469.6 962.6 1252.4 516.2 839.6 236.9 1596.0
W E -0.183 93.1 66.9 -2.696 72.3 146.0 -0.664 170.5 63.1 -0.332 119.9 64.0 -0.083 92.8 80.1 0.351 161.6 83.0
D C 126.2 -345.2 988.0 -411.9 1127.3 564.2 103.5 264.0
F 684.718043 1127.024932 -0.711244
E 0.006452 106.434872 73.456817 0.227994
W C 1033.4 111.8 1864.8 742.7 1623.9 1469.4 962.5 1252.9 516.2 839.4 237.1 1595.6
W E -0.179 92.7 66.8 -2.698 72.1 145.7 -0.664 170.4 63.1 -0.328 119.6 63.7 -0.060 92.2 79.6 0.351 161.5 82.8
D C 21.0 -374.4 861.3 -590.0 1181.2 351.4 111.6 238.2
F 723.432378 1100.426818 -0.664688
E -0.034302 104.450981 72.113086 0.235056
W C 1033.4 111.9 1864.8 742.4 1624.0 1469.3 962.5 1253.1 516.4 839.3 237.0 1595.3
W E -0.176 92.3 66.6 -2.699 71.8 145.4 -0.664 170.3 63.1 -0.324 119.3 63.3 -0.036 91.7 79.1 0.350 161.4 82.6
D C -50.1 -379.6 773.3 -670.2 1165.1 240.1 99.6 227.0
F 763.314655 1078.342671 -0.606042
E -0.074312 102.696254 70.945290 0.230820
W C 1033.7 112.2 1864.9 742.0 1624.2 1468.0 961.9 1254.1 517.2 838.8 236.8 1595.4
W E -0.174 91.9 66.5 -2.701 71.6 145.2 -0.664 170.0 62.9 -0.318 118.8 63.0 -0.013 91.2 78.5 0.349 161.4 82.4
D C -106.3 -380.6 702.3 -697.0 1136.0 194.4 558.8 694.9 69.4 222.0
F 803.100674 1058.221918 -0.560912
E -0.117480 101.422953 70.393195 0.234445
W C 1033.7 112.5 1864.8 741.7 1624.3 1467.1 961.6 1254.8 518.2 838.1 236.4 1595.6
W E -0.172 91.5 66.4 -2.702 71.4 144.9 -0.664 169.7 62.8 -0.313 118.3 62.7 0.001 90.9 78.4 0.349 161.3 82.3
D C 638.2 -720.6 1103.8 147.3 549.8 679.4 42.0 219.2
F 806.996095 1059.203226 -0.544634
E -0.120164 100.787580 69.423535 0.212577
W C 1033.6 112.8 1864.4 741.5 1623.9 1466.6 959.8 1256.6 520.2 837.0 236.3 1595.2
W E -0.170 91.2 66.2 -2.703 71.2 144.6 -0.664 169.5 62.6 -0.308 117.9 62.5 0.012 90.7 78.3 0.349 161.3 82.3
D C 583.9 -723.9 1056.0 144.2 505.9 678.8 -5.6 223.2
F 848.666993 1037.830221 -0.525019
E -0.168918 99.808257 68.976212 0.227301
W C 1033.8 113.1 1864.3 741.1 1623.7 1466.1 958.9 1257.5 521.3 836.5 236.2 1595.1
W E -0.169 90.8 66.1 -2.705 71.0 144.4 -0.664 169.2 62.4 -0.305 117.4 62.3 0.022 90.5 78.2 0.349 161.3 82.2
D C 568.0 -722.2 1029.5 143.8 487.8 675.9 -21.7 225.9
F 889.348091 1017.697517 -0.503759
E -0.217626 99.241569 68.910085 0.237444
W C 1034.1 113.3 1864.2 740.8 1623.7 1465.7 958.6 1258.0 521.7 836.2 236.2 1595.2
W E -0.168 90.5 65.9 -2.706 70.8 144.1 -0.664 168.9 62.3 -0.303 117.3 62.2 0.028 90.4 78.1 0.348 161.3 82.1
D C 539.2 -725.9 994.3 145.1 452.1 682.3
F 929.883166 998.127413 -0.489444
E -0.267117 98.842939 69.070065 0.242573
W C 1034.5 113.5 1864.1 740.4 1623.8 1465.1 958.3 1258.3 521.9 836.2 236.2 1595.3
W E -0.167 90.2 65.8 -2.707 70.6 143.9 -0.664 168.6 62.2 -0.302 117.2 62.1 0.034 90.2 78.1 0.348 161.3 82.0
D C 502.1 -721.1 959.5 143.1 423.8 679.6
F 931.121480 999.032909 -0.481054
E -0.273921 98.462498 67.934762 0.220683
W C 1034.7 113.8 1863.9 740.2 1623.5 1465.0 958.3 1258.4 522.3 836.0 236.3 1595.2
W E -0.166 89.8 65.7 -2.708 70.4 143.7 -0.663 168.4 62.0 -0.301 117.1 62.0 0.039 90.2 78.0 0.348 161.2 82.0
D C 472.7 -720.6 927.4 144.1 389.9 684.6
F 971.340082 979.614196 -0.472278
E -0.324293 98.273690 68.034268 0.233563
W C 1035.1 114.0 1863.7 740.0 1623.4 1464.7 958.3 1258.5 522.5 835.9 236.4 1595.3
W E -0.166 89.5 65.5 -2.708 70.2 143.4 -0.663 168.1 61.9 -0.300 117.0 62.0 0.043 90.1 78.0 0.348 161.2 81.9
D C 439.7 -722.3 894.6 141.8 365.5 685.0
F 1011.811686 960.236352 -0.464036
E -0.375769 98.243044 68.378883 0.240830
W C 1035.5 114.2 1863.6 739.6 1623.3 1464.3 958.3 1258.6 522.5 835.9 236.5 1595.4
W E -0.166 89.2 65.4 -2.709 70.0 143.2 -0.663 167.8 61.7 -0.299 117.0 61.9 0.047 90.0 78.0 0.348 161.2 81.9
D C 408.0 -724.1 862.3 144.8 327.5 688.2
F 1052.219707 940.688648 -0.462441
E -0.428246 98.354368 68.896016 0.244496
W C 1035.9 114.3 1863.4 739.3 1623.3 1464.1 958.3 1258.6 522.5 836.0 236.6 1595.5
W E -0.166 88.9 65.3 -2.710 69.8 142.9 -0.663 167.6 61.6 -0.299 116.9 61.9 0.051 90.0 77.9 0.348 161.2 81.8
D C 363.4 -720.5 813.0 149.4 278.9 692.8
F 1092.146649 921.723308 -0.456447
E -0.482117 98.605576 69.532048 0.246333
W C 1036.7 114.4 1863.4 738.8 1623.6 1463.5 958.1 1258.8 522.3 836.1 236.7 1595.8
W E -0.167 88.6 65.2 -2.710 69.6 142.7 -0.663 167.3 61.4 -0.298 116.9 61.8 0.055 89.9 77.9 0.348 161.2 81.8
D C 347.9 -722.6 793.1 145.8 265.8 690.5
F 1131.823976 902.864998 -0.455089
E -0.537258 99.003059 70.244819 0.247281
W C 1037.5 114.4 1863.5 738.2 1624.0 1462.9 957.8 1259.0 521.9 836.4 236.7 1596.1
W E -0.167 88.2 65.0 -2.711 69.4 142.5 -0.662 167.0 61.3 -0.297 116.8 61.8 0.058 89.8 77.8 0.348 161.2 81.7
D C 313.2 -723.1 758.5 146.6 233.0 692.6
F 1132.260055 903.098759 -0.453855
E -0.535533 98.659205 68.624257 0.224081
W C 1037.9 114.6 1863.2 738.0 1623.8 1462.8 957.9 1259.0 522.0 836.4 236.8 1596.1
W E -0.168 87.9 64.9 -2.711 69.2 142.3 -0.662 166.8 61.2 -0.297 116.8 61.7 0.061 89.8 77.8 0.348 161.2 81.7
D C 264.4 -723.1 708.3 143.7 184.1 692.2
F 1172.527017 883.869402 -0.452479
E -0.589748 99.231260 69.277347 0.236517
W C 1038.5 114.7 1863.1 737.5 1624.0 1462.4 957.8 1259.1 521.9 836.5 236.9 1596.3
W E -0.169 87.6 64.8 -2.712 69.1 142.0 -0.662 166.5 61.1 -0.296 116.7 61.7 0.064 89.7 77.8 0.348 161.2 81.6
D C 249.0 -721.9 691.2 144.6 166.4 693.4
F 1212.544331 864.763712 -0.451476
E -0.644604 99.936853 70.051617 0.242716
W C 1039.1 114.8 1863.0 737.1 1624.1 1462.1 957.7 1259.2 521.8 836.6 236.9 1596.5
W E -0.170 87.3 64.7 -2.712 68.9 141.8 -0.661 166.3 60.9 -0.295 116.7 61.6 0.067 89.7 77.7 0.348 161.2 81.6
D C 200.8 -723.4 644.3 145.2 118.3 697.5
F 1253.248210 846.577307 -0.442066
E -0.699294 100.951150 71.557179 0.255835
W C 1039.3 114.8 1863.2 736.9 1624.3 1461.8 957.6 1259.2 521.6 836.7 237.0 1596.6
W E -0.172 87.2 64.7 -2.713 68.7 141.7 -0.661 166.1 60.8 -0.295 116.7 61.6 0.068 89.7 77.7 0.348 161.2 81.6
D C 625.4 147.0 103.3 700.2
F 1252.964266 846.586307 -0.443629
E -0.693194 100.568544 69.817483 0.230291
W C 1039.9 114.9 1863.0 736.5 1624.4 1461.6 957.6 1259.3 521.5 836.8 237.0 1596.7
W E -0.173 86.9 64.6 -2.713 68.5 141.4 -0.661 165.9 60.7 -0.295 116.7 61.6 0.071 89.6 77.7 0.348 161.2 81.5
D C 153.4 -722.0 592.6 145.0 75.1 701.7
F 1294.044285 827.875075 -0.434121
E -0.746259 101.760501 71.257102 0.249017
W C 1040.0 115.0 1862.9 736.5 1624.2 1461.6 957.6 1259.3 521.5 836.8 237.0 1596.7
W E -0.174 86.8 64.6 -2.714 68.4 141.3 -0.661 165.7 60.6 -0.295 116.7 61.6 0.072 89.6 77.7 0.348 161.2 81.5
D C 548.2 148.5 25.4 704.5
F 1333.337044 811.522459 -0.323638
E -2.364340 72.308144 103.659548 0.271161
W C 1041.3 114.7 1862.7 736.0 1624.3 1461.2 957.2 1259.7 521.2 837.1 237.1 1597.3
W E -0.175 86.5 64.4 -2.714 68.2 141.1 -0.661 165.5 60.5 -0.294 116.6 61.5 0.074 89.6 77.7 0.347 161.2 81.5
D C 94.8 -727.4 530.3 145.4 6.0 704.9
F 1369.086692 801.584714 -0.166337
E -2.384526 73.601048 106.368329 0.303670
W C 1042.5 114.5 1862.4 735.7 1624.4 1460.7 956.9 1260.1 520.8 837.5 237.1 1597.8
W E -0.177 86.2 64.3 -2.714 68.0 140.8 -0.660 165.3 60.4 -0.293 116.6 61.5 0.077 89.5 77.7 0.347 161.2 81.5
D C -17.4 -730.3 501.2 85.8 46.7 697.9
F 1396.981159 794.947201 -0.071796
E -2.401162 74.226741 108.341016 0.299900
W C 1043.8 114.2 1862.1 735.3 1624.5 1460.3 956.5 1260.6 520.3 837.9 237.0 1598.3
W E -0.179 85.9 64.2 -2.714 67.8 140.6 -0.660 165.0 60.2 -0.293 116.5 61.5 0.079 89.5 77.6 0.347 161.2 81.4
D C -69.5 -734.5 488.2 51.5 80.8 694.3
F 1395.850666 794.749550 -0.084102
E -2.395306 72.762177 107.785261 0.259292
W C 1044.9 114.2 1861.9 734.9 1624.4 1460.2 956.2 1260.9 520.0 838.1 236.9 1598.6
W E -0.181 85.6 64.1 -2.714 67.6 140.4 -0.660 164.9 60.1 -0.292 116.5 61.4 0.081 89.5 77.6 0.348 161.2 81.4
D C -201.2 -720.6 470.1 -31.4 163.9 665.1
F 1427.513434 800.020503 0.108771
E -2.408162 73.651492 109.854866 0.286474
W C 1045.8 114.1 1861.7 734.5 1624.4 1460.0 955.8 1261.1 519.7 838.4 236.8 1598.9
W E -0.183 85.3 64.0 -2.714 67.5 140.2 -0.660 164.7 60.0 -0.292 116.5 61.4 0.083 89.4 77.6 0.348 161.1 81.4
D C -325.3 -689.0 438.1 -100.9 236.4 637.5
F 1457.879477 810.883693 0.306132
E -2.420182 74.857619 112.092011 0.308234
W C 1045.4 114.1 1862.0 734.6 1624.3 1459.9 956.0 1261.1 519.8 838.3 236.9 1598.8
W E -0.184 85.2 64.0 -2.714 67.3 140.1 -0.659 164.5 59.9 -0.292 116.5 61.4 0.084 89.4 77.6 0.348 161.1 81.4
D C 394.8 -176.1 312.9 586.5
F 1485.410801 829.028879 0.520285
E -2.431897 75.933475 114.498592 0.319150
W C 1045.2 114.2 1862.3 734.6 1624.2 1459.8 956.0 1261.0 519.9 838.3 237.0 1598.8
W E -0.185 85.1 64.0 -2.715 67.2 140.0 -0.659 164.4 59.9 -0.292 116.5 61.4 0.084 89.4 77.6 0.348 161.1 81.4
D C 305.4 -271.4 408.1 491.9
F 1485.355979 830.316867 0.530747
E -2.427654 74.830520 114.096624 0.282307
W C 1045.3 114.2 1862.4 734.4 1624.1 1459.9 956.0 1261.1 519.8 838.4 237.0 1598.9
W E -0.186 85.1 64.0 -2.715 67.1 139.9 -0.659 164.2 59.8 -0.292 116.5 61.4 0.085 89.4 77.6 0.347 161.1 81.4
D C 272.6 -298.5 432.8 455.2
F 1508.134780 855.385538 0.753149
E -2.440233 75.738561 116.465944 0.296231
W C 1045.2 114.3 1862.6 734.3 1624.0 1459.9 956.0 1260.9 519.8 838.4 237.0 1599.0
W E -0.188 85.0 64.0 -2.716 67.0 139.8 -0.659 164.1 59.7 -0.292 116.4 61.3 0.085 89.4 77.6 0.347 161.1 81.4
D C 197.6 -343.3 477.5 375.6 -139.4 637.0
F 1525.186356 881.721372 0.939307
E -2.449132 75.925393 118.917573 0.297455
W C 1044.9 114.3 1863.0 734.3 1623.9 1459.8 956.1 1260.7 519.7 838.5 237.1 1599.0
W E -0.189 85.0 64.0 -2.716 66.9 139.7 -0.659 163.9 59.6 -0.292 116.3 61.3 0.086 89.4 77.6 0.347 161.1 81.4
D C 121.6 -374.7 509.4 295.3 -59.8 642.2
F 1537.501434 909.262613 1.107282
E -2.452152 75.724696 121.420761 0.297509
W C 1044.5 114.4 1863.6 734.3 1623.9 1459.8 956.2 1260.5 519.5 838.6 237.1 1599.0
W E -0.190 84.9 64.0 -2.717 66.7 139.6 -0.659 163.8 59.5 -0.292 116.3 61.2 0.087 89.4 77.6 0.347 161.1 81.4
D C 44.4 -397.5 526.6 212.9 9.4 643.2
F 1542.955039 939.396711 1.295852
E -2.449088 75.234353 123.817730 0.295567
W C 1044.1 114.4 1864.1 734.3 1623.9 1459.7 956.4 1260.3 519.3 838.7 237.1 1599.0
W E -0.191 84.8 64.0 -2.717 66.6 139.5 -0.659 163.6 59.4 -0.292 116.2 61.1 0.087 89.3 77.6 0.347 161.1 81.4
D C -79.6 -408.3 527.6 77.0 122.2 616.6
F 1541.198028 939.612031 1.307987
E -2.452616 73.647397 123.204065 0.248890
W C 1043.9 114.3 1864.5 734.5 1623.8 1459.7 956.5 1260.0 519.1 839.1 237.0 1599.0
W E -0.191 84.8 64.0 -2.718 66.5 139.4 -0.660 163.5 59.3 -0.292 116.2 61.0 0.086 89.2 77.5 0.347 161.1 81.4
D C -117.1 -404.9 518.4 38.6 154.2 601.9 -301.8 992.1
F 1538.312633 972.963943 1.543764
E -2.450734 73.691505 125.612737 0.279435
W C 1043.9 114.3 1864.5 734.7 1623.7 1459.7 956.7 1259.7 518.9 839.4 237.1 1598.9
W E -0.192 84.8 64.0 -2.717 66.5 139.3 -0.660 163.3 59.2 -0.292 116.1 60.9 0.084 89.0 77.4 0.347 161.1 81.4
D C 484.2 -80.6 250.5 552.4 -114.8 1028.0
F 1532.144428 1004.838489 1.729484
E -2.439445 73.205478 127.756678 0.290682
W C 1044.0 114.3 1864.4 734.5 1623.4 1460.1 956.9 1259.6 519.0 839.4 237.1 1599.0
W E -0.192 84.8 64.0 -2.717 66.5 139.3 -0.660 163.2 59.1 -0.292 116.1 60.8 0.082 88.9 77.2 0.347 161.0 81.4
D C 463.7 -129.5 284.9 522.4 -45.0 1028.0
F 1521.361809 1046.610538 1.795648
E -2.407623 72.273268 129.799255 0.272678
W C 1044.0 114.3 1864.4 734.4 1623.0 1460.4 957.0 1259.4 519.0 839.6 237.0 1598.8
W E -0.192 84.8 64.0 -2.717 66.4 139.3 -0.661 163.0 59.0 -0.292 116.0 60.7 0.079 88.7 77.1 0.347 161.0 81.4
D C 417.6 -200.3 332.5 472.9 77.4 1016.9
F 1515.901962 1046.606155 1.840213
E -2.412829 71.528449 129.260821 0.243178
W C 1043.8 114.2 1864.5 734.7 1623.1 1460.4 957.1 1259.2 518.8 839.7 237.0 1598.8
W E -0.192 84.8 64.0 -2.717 66.4 139.3 -0.661 162.9 58.9 -0.292 116.0 60.6 0.077 88.6 77.0 0.346 161.0 81.4
D C 340.7 -282.7 370.5 402.0 195.8 988.2
F 1499.308874 1088.480594 1.880354
E -2.378708 70.648522 131.109269 0.247718
W C 1043.7 114.2 1864.6 734.7 1623.0 1460.5 957.3 1259.1 518.8 839.9 237.0 1598.7
W E -0.192 84.8 64.0 -2.717 66.4 139.2 -0.661 162.7 58.8 -0.292 115.9 60.5 0.074 88.5 76.9 0.346 161.0 81.4
D C 319.3 -281.9 353.5 402.9 185.7 984.8
F 1477.829694 1129.629797 1.941087
E -0.774596 132.722013 69.982139 0.240814
W C 1043.7 114.1 1864.7 734.9 1622.5 1460.7 957.3 1258.8 518.7 839.9 238.0 1599.5
W E -0.191 84.8 64.0 -2.717 66.4 139.2 -0.662 162.5 58.7 -0.292 115.8 60.4 0.071 88.3 76.8 0.347 160.7 81.2
D C 240.6 -305.9 991.3 835.3 327.0 374.9 198.7 971.5
F 1456.354083 1169.137318 1.984783
E -0.739707 134.176643 69.507476 0.237678
W C 1043.8 114.1 1864.9 734.8 1621.9 1461.1 957.5 1258.8 518.7 839.9 238.4 1600.0
W E -0.191 84.7 64.0 -2.717 66.4 139.2 -0.662 162.3 58.6 -0.292 115.8 60.2 0.069 88.2 76.7 0.348 160.5 81.1
D C 214.0 -309.4 977.9 824.1 314.1 371.6 186.3 971.4
F 1435.578318 1206.712140 2.014146
E -0.704167 135.499122 69.179581 0.235708
W C 1043.8 113.9 1865.1 734.4 1621.2 1461.6 957.8 1258.8 518.8 839.9 238.7 1600.2
W E -0.191 84.7 64.0 -2.717 66.4 139.1 -0.662 162.1 58.5 -0.292 115.7 60.1 0.066 88.0 76.5 0.349 160.2 80.9
D C 178.8 -306.2 951.2 821.8 285.9 373.9 158.4 970.3
F 1433.073717 1206.972838 2.027681
E -0.706005 134.752705 68.150610 0.212453
W C 1043.8 114.0 1865.0 734.7 1621.1 1461.7 957.7 1258.5 518.6 839.9 239.1 1600.4
W E -0.191 84.7 64.0 -2.717 66.4 139.1 -0.662 161.9 58.4 -0.292 115.7 59.9 0.064 87.9 76.4 0.350 160.0 80.8
D C 128.9 -302.7 907.0 823.3 235.7 375.3 107.0 971.2
F 1411.976855 1245.902992 2.039823
E -0.669180 136.156949 67.834987 0.225428
W C 1043.8 113.9 1865.1 734.5 1620.7 1462.2 957.9 1258.4 518.6 840.0 239.4 1600.6
W E -0.191 84.7 64.0 -2.717 66.4 139.0 -0.662 161.8 58.4 -0.292 115.6 59.8 0.061 87.8 76.3 0.350 159.8 80.6
D C 113.7 -302.3 890.0 822.9 222.3 376.8 94.9 971.5
F 1390.520222 1284.797860 2.048824
E -0.631243 137.673593 67.703322 0.232156
W C 1043.7 113.9 1865.1 734.3 1620.4 1462.6 958.1 1258.2 518.6 840.0 239.8 1600.7
W E -0.191 84.7 64.0 -2.717 66.4 138.9 -0.662 161.6 58.2 -0.291 115.6 59.6 0.059 87.7 76.2 0.351 159.5 80.5
D C 66.0 -310.7 840.0 820.9 174.6 375.8 44.1 974.0
F 1369.376802 1322.367534 2.055183
E -0.592892 139.347042 67.691606 0.235846
W C 1043.7 113.8 1865.2 733.9 1620.1 1463.4 958.2 1258.0 518.6 840.1 240.1 1600.7
W E -0.191 84.7 64.0 -2.716 66.4 138.9 -0.661 161.5 58.1 -0.291 115.5 59.5 0.056 87.5 76.0 0.351 159.3 80.3
D C 33.1 -313.4 805.3 821.5 142.7 377.7 11.2 970.1
F 1348.492385 1358.017599 2.060742
E -0.554337 141.263009 67.793946 0.238998
W C 1043.5 113.5 1865.3 732.9 1620.1 1464.6 958.4 1257.8 518.7 840.0 240.4 1600.7
W E -0.191 84.7 64.0 -2.716 66.4 138.8 -0.661 161.3 58.0 -0.290 115.4 59.3 0.054 87.4 75.9 0.352 159.1 80.2
D C 19.5 -314.1 787.0 817.8 126.4 379.8 -3.7 969.8
F 1347.680023 1358.035222 2.061163
E -0.554183 140.637601 66.420957 0.216486
W C 1043.5 113.6 1865.2 733.0 1619.9 1465.1 958.5 1257.4 518.6 840.0 240.8 1600.8
W E -0.191 84.7 64.0 -2.716 66.4 138.8 -0.661 161.2 57.8 -0.289 115.4 59.2 0.052 87.3 75.8 0.352 158.9 80.1
D C -32.5 -322.0 739.6 817.2 75.5 375.2 -57.4 971.4
F 1324.155165 1394.780910 2.128528
E -0.517918 142.748916 66.637876 0.238165
W C 1043.3 113.4 1865.1 732.6 1619.9 1466.1 958.7 1257.0 518.5 839.9 241.1 1600.7
W E -0.191 84.7 64.0 -2.716 66.4 138.7 -0.661 161.0 57.7 -0.289 115.3 59.0 0.049 87.2 75.6 0.353 158.7 79.9
D C -47.5 -322.1 722.7 813.6 62.7 376.4 -69.6 973.6
F 1298.331142 1429.562184 2.198195
E -0.479604 144.869431 67.384648 0.258179
W C 1043.1 113.3 1865.1 732.2 1620.0 1467.1 958.9 1256.5 518.2 839.9 241.3 1600.5
W E -0.191 84.7 64.0 -2.715 66.4 138.7 -0.660 160.9 57.6 -0.288 115.2 58.9 0.050 87.2 75.6 0.353 158.6 79.8
D C -112.3 -327.2 725.8 768.1 37.2 368.9
F 1268.821697 1463.810263 2.283991
E -0.440926 147.173521 68.681294 0.277848
W C 1043.1 113.4 1865.0 732.3 1619.8 1467.1 959.1 1256.5 518.2 840.0 241.4 1600.4
W E -0.191 84.7 64.0 -2.715 66.4 138.7 -0.660 160.8 57.6 -0.287 115.2 58.8 0.050 87.2 75.6 0.354 158.4 79.7
D C 737.4 716.2 29.7 360.8
F 1268.227621 1464.401549 2.280892
E -0.444119 146.808146 67.778880 0.257627
W C 1043.0 113.4 1865.0 732.5 1619.4 1467.4 959.3 1256.3 518.0 840.0 241.8 1600.5
W E -0.191 84.7 64.1 -2.715 66.4 138.7 -0.660 160.7 57.6 -0.287 115.1 58.8 0.050 87.2 75.6 0.355 158.3 79.6
D C 749.0 659.2 21.4 352.5
F 1235.375659 1495.556692 2.369749
E -0.404547 148.931517 69.028944 0.278482
W C 1043.0 113.4 1864.9 732.7 1619.1 1467.6 959.4 1256.2 517.9 840.0 242.0 1600.5
W E -0.191 84.7 64.1 -2.715 66.4 138.6 -0.660 160.6 57.6 -0.286 115.1 58.7 0.050 87.2 75.6 0.355 158.1 79.5
D C 758.7 612.0 13.7 349.5
F 1200.707903 1524.199746 2.453854
E -0.362771 150.842245 70.597914 0.291421
W C 1043.0 113.4 1864.9 732.7 1619.1 1467.6 959.5 1256.3 517.9 840.1 242.0 1600.3
W E -0.191 84.7 64.1 -2.715 66.4 138.6 -0.660 160.6 57.6 -0.286 115.0 58.6 0.050 87.2 75.6 0.356 158.0 79.4
D C 758.2 585.2 7.2 348.2
F 1164.055544 1549.275162 2.541477
E -0.320491 152.467321 72.391856 0.299099
W C 1042.9 113.4 1864.9 732.7 1619.1 1467.6 959.6 1256.4 517.9 840.1 242.0 1600.2
W E -0.191 84.7 64.1 -2.715 66.4 138.6 -0.660 160.5 57.6 -0.285 114.9 58.6 0.050 87.2 75.6 0.356 157.9 79.3
D C 770.6 508.9 -4.5 342.3
F 1163.768902 1549.512403 2.539025
E -0.326654 151.905856 71.261412 0.274968
W C 1042.9 113.4 1864.9 732.7 1618.9 1467.7 959.7 1256.4 517.8 840.1 242.2 1600.1
W E -0.191 84.7 64.1 -2.715 66.4 138.6 -0.660 160.4 57.6 -0.285 114.9 58.5 0.050 87.2 75.6 0.357 157.7 79.3
D C 766.6 476.4 -6.5 341.0
F 1123.745833 1570.792796 2.638544
E -0.288223 153.089952 72.345043 0.279540
W C 1042.9 113.4 1864.8 732.8 1618.6 1467.9 959.9 1256.3 517.9 840.0 242.3 1600.2
W E -0.191 84.7 64.1 -2.715 66.4 138.6 -0.660 160.3 57.6 -0.284 114.7 58.5 0.047 87.1 75.4 0.357 157.6 79.1
D C 760.5 392.3 151.5 927.9 -23.1 337.4
F 1082.591384 1587.466459 2.784886
E -0.250580 153.998809 73.495782 0.296897
W C 1042.8 113.4 1864.7 732.9 1618.3 1468.0 959.9 1256.6 518.1 839.7 242.3 1600.2
W E -0.191 84.7 64.1 -2.715 66.4 138.6 -0.660 160.2 57.6 -0.284 114.6 58.4 0.045 87.0 75.3 0.358 157.4 79.0
D C 755.6 338.4 180.4 910.6 -30.4 337.6
F 1041.988307 1600.064771 2.908948
E -0.213378 154.240389 74.614173 0.302857
W C 1042.7 113.4 1864.6 732.8 1618.3 1467.8 959.8 1257.0 518.5 839.6 242.2 1600.0
W E -0.191 84.7 64.1 -2.715 66.4 138.6 -0.660 160.1 57.6 -0.284 114.5 58.3 0.042 86.9 75.1 0.358 157.3 78.9
D C 757.7 290.3 220.0 892.9 -24.9 334.6
F 1002.402429 1606.701235 3.017462
E -0.180138 153.866355 75.518591 0.295928
W C 1042.7 113.4 1864.6 732.7 1618.3 1467.7 959.7 1257.2 518.7 839.5 242.1 1599.8
W E -0.191 84.8 64.1 -2.715 66.4 138.6 -0.660 160.0 57.6 -0.284 114.4 58.3 0.040 86.8 75.0 0.358 157.1 78.7
D C 753.6 172.2 303.5 850.2 -19.5 330.7
F 1001.513470 1606.804984 3.011614
E -0.189616 153.153003 73.883581 0.262438
W C 1042.7 113.4 1864.6 732.7 1618.0 1467.9 959.9 1257.2 518.8 839.5 242.0 1599.8
W E -0.191 84.8 64.1 -2.715 66.4 138.6 -0.660 160.0 57.6 -0.284 114.3 58.2 0.037 86.7 74.8 0.358 157.0 78.6
D C 738.4 98.5 347.6 819.4 -20.3 325.7
F 960.288481 1606.296740 -3.150032
E -0.156831 152.496071 74.597334 0.274118
W C 1042.6 113.4 1864.5 732.7 1617.9 1467.9 960.0 1257.2 518.9 839.5 241.9 1599.7
W E -0.191 84.8 64.1 -2.715 66.4 138.6 -0.660 159.9 57.6 -0.284 114.2 58.2 0.035 86.7 74.7 0.358 156.8 78.4
D C 717.3 27.0 393.3 776.9 -18.0 321.5
F 920.382072 1601.607393 -3.032972
E -0.125993 151.409541 75.334496 0.278923
W C 1042.6 113.4 1864.5 732.7 1617.8 1467.9 960.1 1257.4 519.1 839.4 241.7 1599.6
W E -0.191 84.8 64.1 -2.715 66.4 138.6 -0.660 159.9 57.6 -0.284 114.1 58.1 0.033 86.6 74.6 0.359 156.7 78.3
D C 686.3 -48.0 429.1 732.3 -16.8 318.1
F 881.611722 1594.624689 -2.926408
E -0.095753 149.943275 76.144915 0.283093
W C 1042.6 113.4 1864.5 732.6 1618.0 1467.7 959.9 1257.6 519.4 839.5 241.3 1599.4
W E -0.191 84.8 64.1 -2.715 66.4 138.6 -0.661 159.9 57.6 -0.285 114.1 58.1 0.031 86.5 74.4 0.359 156.5 78.1
D C 674.1 -78.4 446.2 710.7 -17.8 317.5
F 841.166311 1582.410089 -2.866215
E -0.066753 148.128943 76.968714 0.272914
W C 1042.7 113.4 1864.5 732.5 1618.1 1467.6 959.7 1257.7 519.5 839.5 241.0 1599.3
W E -0.191 84.8 64.1 -2.715 66.4 138.6 -0.661 159.8 57.6 -0.285 114.0 58.0 0.029 86.4 74.2 0.359 156.4 78.0
D C 609.6 -186.5 504.6 627.4 -14.5 310.6
F 840.681525 1578.482066 -2.845533
E -0.074546 147.513685 74.602771 0.238696
W C 1042.3 113.7 1864.6 732.3 1618.1 1467.4 960.2 1257.5 519.8 839.2 240.8 1599.0
W E -0.188 84.6 64.0 -2.715 66.4 138.5 -0.660 159.7 57.6 -0.285 113.9 57.9 0.030 86.3 74.1 0.359 156.2 77.7
D C 563.9 -251.5 530.6 579.1 277.6 1401.2 -14.4 307.3
F 798.201049 1561.507611 -2.819475
E -0.043411 145.647989 75.407564 0.248405
W C 1042.4 113.7 1864.6 732.3 1618.1 1467.4 960.2 1257.4 519.8 839.2 240.5 1599.2
W E -0.188 84.6 64.0 -2.715 66.4 138.5 -0.660 159.7 57.6 -0.286 113.8 57.9 0.029 86.3 73.9 0.359 156.1 77.6
D C 514.5 -280.6 518.6 548.9 -35.7 302.6
F 757.007456 1542.258199 -2.783336
E -0.013130 143.870382 76.251842 0.253041
W C 1042.5 113.7 1864.6 732.3 1618.1 1467.4 960.3 1257.3 519.8 839.1 240.2 1599.5
W E -0.188 84.6 64.0 -2.715 66.4 138.5 -0.660 159.7 57.6 -0.287 113.8 57.8 0.028 86.2 73.7 0.359 156.0 77.4
D C 462.0 -312.3 514.2 521.3 -55.7 302.8
F 716.893453 1520.939215 -2.748203
E 0.019534 142.379919 76.671075 0.249993
W C 1042.0 113.9 1864.8 732.0 1618.3 1467.2 961.1 1257.3 519.9 838.6 239.8 1599.0
W E -0.185 84.5 64.0 -2.715 66.4 138.5 -0.660 159.6 57.6 -0.286 113.7 57.7 0.030 86.1 73.6 0.360 155.8 77.1
D C 438.5 -324.7 505.4 512.4 343.0 1356.1
F 716.514423 1517.540927 -2.731037
E 0.015297 142.056916 75.181515 0.232163
W C 1042.1 113.9 1864.7 732.1 1618.1 1467.4 961.2 1257.2 519.9 838.5 239.5 1599.4
W E -0.185 84.5 64.0 -2.715 66.5 138.5 -0.660 159.6 57.6 -0.287 113.7 57.7 0.030 86.0 73.4 0.360 155.7 77.0
D C 383.7 -330.5 458.1 506.2
F 676.003122 1496.158870 -2.710630
E 0.049157 140.509827 75.643784 0.240599
W C 1041.8 114.1 1864.8 731.9 1618.2 1467.2 961.5 1257.1 520.1 838.2 239.3 1599.2
W E -0.182 84.3 63.9 -2.714 66.5 138.4 -0.660 159.5 57.6 -0.286 113.6 57.7 0.033 85.9 73.2 0.360 155.6 76.7
D C 366.5 -329.6 439.9 510.8 282.2 1358.8
F 636.440094 1474.863112 -2.696524
E 0.081745 139.030026 76.081300 0.243799
W C 1041.6 114.4 1864.8 731.7 1618.4 1467.0 961.8 1256.9 520.3 837.9 239.2 1599.2
W E -0.179 84.2 63.8 -2.714 66.5 138.3 -0.660 159.4 57.6 -0.286 113.6 57.6 0.035 85.8 73.1 0.360 155.5 76.4
D C 314.1 -329.4 389.6 509.6 234.2 1355.6
F 596.587564 1454.089033 -2.687551
E 0.112064 137.641301 77.091336 0.255093
W C 1041.7 114.4 1864.8 731.6 1618.4 1466.9 961.9 1256.9 520.2 837.8 238.9 1599.4
W E -0.179 84.2 63.8 -2.714 66.5 138.3 -0.660 159.3 57.6 -0.287 113.5 57.6 0.036 85.7 72.9 0.360 155.4 76.3
D C 281.4 -334.0 358.1 509.2
F 558.282269 1433.766177 -2.680429
E 0.144497 136.236770 77.745278 0.251898
W C 1041.5 114.5 1865.0 731.3 1618.9 1466.6 962.3 1256.9 520.2 837.7 238.5 1599.1
W E -0.176 84.0 63.7 -2.714 66.5 138.3 -0.660 159.3 57.6 -0.286 113.5 57.6 0.038 85.6 72.8 0.360 155.3 76.0
D C 264.3 -331.8 342.2 513.0 188.3 1362.5
F 558.032617 1432.484125 -2.675296
E 0.141099 135.690368 76.447745 0.234216
W C 1041.6 114.5 1864.9 731.4 1618.7 1466.7 962.2 1256.9 520.3 837.6 238.3 1599.4
W E -0.176 84.0 63.7 -2.714 66.5 138.3 -0.660 159.2 57.6 -0.287 113.5 57.6 0.039 85.5 72.6 0.360 155.2 75.9
D C 211.3 -333.1 291.9 512.5
F 517.592772 1411.248801 -2.671639
E 0.171906 134.408158 77.725288 0.250880
W C 1041.7 114.5 1864.9 731.5 1618.5 1466.8 962.0 1256.8 520.6 837.5 238.1 1599.6
W E -0.176 84.0 63.7 -2.714 66.5 138.3 -0.660 159.2 57.6 -0.287 113.4 57.6 0.039 85.5 72.5 0.360 155.0 75.8
D C 162.4 -332.1 238.8 514.0
F 479.105781 1389.523559 -2.610244
E 0.202697 133.119331 79.480686 0.268087
W C 1041.6 114.5 1864.9 731.5 1618.6 1466.7 962.1 1256.8 520.8 837.5 237.4 1599.5
W E -0.176 84.0 63.7 -2.714 66.5 138.3 -0.660 159.1 57.6 -0.287 113.4 57.6 0.039 85.4 72.4 0.360 154.9 75.6
D C 143.5 -331.4 221.4 517.6
F 442.630298 1367.994712 -2.557648
E 0.237492 131.613745 80.957067 0.268121
W C 1041.8 114.6 1865.0 731.1 1619.0 1466.2 962.5 1256.6 520.8 837.5 236.3 1599.6
W E -0.173 83.8 63.7 -2.714 66.5 138.2 -0.660 159.0 57.6 -0.287 113.4 57.5 0.041 85.3 72.2 0.360 154.8 75.4
D C 109.7 -338.3 205.5 510.3 87.2 1366.9
F 442.327314 1367.628948 -2.561866
E 0.238926 130.858438 79.382208 0.240565
W C 1041.7 114.8 1865.1 730.9 1619.1 1466.0 962.6 1256.4 521.1 837.3 236.1 1599.6
W E -0.170 83.7 63.6 -2.714 66.5 138.2 -0.660 159.0 57.6 -0.287 113.3 57.5 0.043 85.2 72.1 0.360 154.6 75.2
D C 51.7 -354.2 204.8 495.6 152.2 1344.3
F 407.950423 1340.209011 -2.480127
E 0.278135 129.363147 80.976490 0.256750
W C 1041.6 115.0 1865.1 730.7 1619.3 1465.8 962.8 1256.2 521.4 837.1 235.4 1599.5
W E -0.166 83.5 63.5 -2.714 66.5 138.1 -0.660 158.9 57.6 -0.287 113.3 57.5 0.045 85.1 72.0 0.360 154.4 75.1
D C -2.0 -366.8 201.7 479.7 201.0 1334.0
F 375.415887 1309.043961 -2.395688
E 0.319652 127.710187 82.894296 0.266664
W C 1041.4 115.1 1865.2 730.6 1619.4 1465.6 962.9 1256.1 521.8 837.0 234.7 1599.4
W E -0.163 83.3 63.5 -2.714 66.5 138.1 -0.660 158.8 57.6 -0.287 113.2 57.5 0.046 84.9 71.8 0.360 154.3 74.9
D C -89.3 -367.3 193.6 452.6 287.5 1303.5
F 346.611259 1277.793496 -2.324735
E 0.356725 126.006219 85.810035 0.285255
W C 1041.4 115.0 1865.2 730.6 1619.5 1465.4 963.1 1256.0 522.2 836.9 233.1 1599.5
W E -0.163 83.3 63.5 -2.714 66.5 138.1 -0.660 158.8 57.7 -0.287 113.2 57.5 0.045 84.9 71.7 0.360 154.1 74.8
D C -114.9 -367.4 192.3 445.6
F 346.190722 1277.923496 -2.327354
E 0.363924 125.645047 85.234841 0.272957
W C 1041.4 115.0 1865.2 730.6 1619.4 1465.5 963.1 1256.0 522.3 837.0 233.1 1599.4
W E -0.163 83.3 63.5 -2.714 66.5 138.1 -0.660 158.8 57.7 -0.287 113.2 57.5 0.044 84.9 71.6 0.360 154.1 74.7
D C 188.6 433.5
F 319.394188 1241.262709 -2.182855
E 0.416684 124.162166 88.312739 0.301785
W C 1041.2 115.0 1865.4 730.7 1619.3 1465.6 963.0 1255.9 522.3 837.1 233.2 1599.4
W E -0.164 83.3 63.5 -2.715 66.4 138.0 -0.660 158.8 57.7 -0.287 113.2 57.5 0.042 84.8 71.5 0.360 154.1 74.7
D C 180.2 421.1 -535.6 1553.0
F 298.170803 1202.172340 -2.031526
E 0.469472 122.282082 91.430321 0.321330
W C 1041.1 114.9 1865.4 730.9 1619.2 1465.6 962.9 1255.9 522.4 837.3 233.3 1599.3
W E -0.164 83.3 63.5 -2.716 66.3 137.9 -0.660 158.8 57.7 -0.287 113.2 57.5 0.040 84.7 71.4 0.359 154.0 74.6
D C 191.5 396.3 -394.3 1589.8
F 281.284805 1164.395586 -1.919452
E 0.513984 119.990656 94.132492 0.324060
W C 1040.9 114.9 1865.3 731.1 1619.2 1465.7 962.9 1255.8 522.4 837.4 233.6 1599.3
W E -0.164 83.3 63.5 -2.717 66.2 137.8 -0.660 158.8 57.7 -0.287 113.2 57.5 0.037 84.6 71.3 0.359 153.9 74.6
D C 195.4 385.9 -341.6 1607.4
F 268.858337 1125.096226 -1.835161
E 0.549958 117.430781 96.558824 0.316530
W C 1040.9 114.9 1865.3 731.1 1619.2 1465.7 963.0 1255.7 522.5 837.5 233.7 1599.2
W E -0.163 83.3 63.5 -2.718 66.1 137.8 -0.660 158.8 57.7 -0.287 113.2 57.5 0.034 84.5 71.2 0.358 153.9 74.5
D C 197.8 352.4 -152.7 1641.1
F 268.446350 1125.104761 -1.837995
E 0.563374 117.058382 95.914007 0.301433
W C 1040.9 114.8 1865.3 731.1 1619.2 1465.7 962.9 1255.7 522.5 837.5 233.7 1599.1
W E -0.163 83.3 63.5 -2.718 66.1 137.8 -0.660 158.8 57.7 -0.287 113.2 57.5 0.032 84.5 71.1 0.358 153.9 74.5
D C 201.8 323.6
F 259.110007 1080.511627 -1.818343
E 0.603648 114.264239 98.596630 0.299024
W C 1040.9 114.9 1865.2 731.1 1619.1 1465.7 962.9 1255.7 522.7 837.5 233.5 1599.1
W E -0.163 83.3 63.5 -2.719 66.0 137.7 -0.660 158.8 57.7 -0.287 113.2 57.5 0.029 84.4 70.9 0.357 153.8 74.4
D C 186.7 307.7 73.9 1631.5
F 251.876929 1036.342457 -1.792738
E 0.646652 111.656312 101.326652 0.297621
W C 1040.9 114.9 1865.2 731.1 1619.0 1465.8 962.8 1255.8 522.9 837.4 233.3 1599.2
W E -0.163 83.3 63.5 -2.720 65.9 137.6 -0.660 158.8 57.7 -0.287 113.2 57.5 0.025 84.3 70.8 0.356 153.7 74.4
D C 156.7 300.3 108.7 1625.6
F 248.492182 991.381387 -1.702159
E 0.710762 109.037760 102.055797 0.284847
W C 1040.6 114.9 1865.4 731.0 1619.0 1465.8 962.8 1255.8 523.1 837.0 233.3 1599.3
W E -0.161 83.1 63.4 -2.721 65.8 137.5 -0.660 158.7 57.7 -0.287 113.2 57.5 0.020 84.1 70.5 0.355 153.6 74.2
D C 777.9 870.3 142.8 297.7 130.5 1647.7
F 245.832950 946.983204 -1.621766
E 0.774114 106.315560 102.544552 0.281460
W C 1040.6 115.1 1865.4 730.9 1619.1 1465.7 962.9 1255.8 523.1 837.0 233.4 1599.2
W E -0.159 82.9 63.4 -2.722 65.7 137.4 -0.660 158.7 57.7 -0.287 113.2 57.5 0.016 83.9 70.3 0.354 153.5 74.0
D C 744.5 853.8 91.7 296.6 109.0 1630.4
F 246.158225 945.303286 -1.623462
E 0.760978 105.789337 100.462778 0.262641
W C 1040.2 115.2 1865.5 730.8 1619.1 1465.6 962.9 1255.6 523.5 837.3 233.2 1598.6
W E -0.157 82.7 63.3 -2.722 65.7 137.4 -0.660 158.7 57.7 -0.287 113.1 57.5 0.014 83.8 70.0 0.353 153.4 73.9
D C 769.1 794.2 75.3 286.5
F 249.165954 898.964769 -1.527597
E 0.747210 102.998633 101.798054 0.285547
W C 1040.0 115.3 1865.6 730.7 1619.1 1465.6 963.0 1255.5 523.8 837.6 233.0 1598.1
W E -0.155 82.5 63.3 -2.722 65.7 137.4 -0.660 158.6 57.7 -0.286 113.1 57.5 0.013 83.7 69.8 0.352 153.3 73.8
D C 796.1 731.6 59.8 275.2
F 255.945282 853.138049 -1.437497
E -0.572378 103.041875 100.145713 0.299697
W C 1039.8 115.4 1865.7 730.5 1619.2 1465.5 963.1 1255.4 523.9 837.8 232.9 1597.7
W E -0.152 82.3 63.2 -2.722 65.7 137.3 -0.660 158.6 57.7 -0.286 113.1 57.5 0.013 83.6 69.5 0.351 153.3 73.6
D C 798.9 673.2 39.8 269.8
F 265.338792 810.066790 -1.355564
E -0.549186 103.360250 97.330417 0.293452
W C 1039.8 115.5 1865.7 730.4 1619.0 1465.3 963.2 1255.4 524.0 837.7 233.1 1597.8
W E -0.149 82.2 63.2 -2.722 65.7 137.3 -0.660 158.6 57.6 -0.286 113.1 57.5 0.013 83.5 69.1 0.350 153.2 73.5
D C 806.7 646.7 27.1 268.4 -373.5 1413.0
F 267.259459 807.376061 -1.353960
E -0.453463 99.962705 96.797005 0.262842
W C 1039.7 115.5 1865.7 730.3 1619.0 1465.2 963.2 1255.2 524.3 838.4 232.7 1597.1
W E -0.147 82.0 63.1 -2.722 65.6 137.2 -0.660 158.5 57.6 -0.286 113.1 57.5 0.014 83.4 68.8 0.349 153.1 73.4
D C 816.6 568.6 474.0 1516.4 -0.2 265.4
F 282.886356 762.714474 -1.260700
E -0.484498 101.328097 94.222292 0.289542
W C 1039.9 115.4 1865.8 730.1 1619.0 1465.2 963.2 1255.1 524.2 839.3 232.4 1596.5
W E -0.147 81.9 63.1 -2.723 65.5 137.2 -0.660 158.5 57.7 -0.286 113.1 57.5 0.017 83.3 68.6 0.349 153.1 73.4
D C 572.4 1473.6 -29.0 267.1
F 300.719425 721.998537 -1.169937
E -0.488187 101.504812 92.162261 0.290631
W C 1039.9 115.5 1865.8 730.0 1619.1 1465.1 963.2 1255.0 524.3 839.1 232.5 1596.5
W E -0.146 81.8 63.1 -2.724 65.4 137.1 -0.660 158.5 57.7 -0.286 113.1 57.5 0.018 83.2 68.5 0.348 153.1 73.3
D C 817.8 457.5 599.2 1437.2
F 321.871722 682.031372 -1.081793
E -0.482413 101.643283 90.311694 0.291699
W C 1039.8 115.6 1865.7 729.9 1619.2 1465.0 963.3 1255.0 524.3 838.9 232.6 1596.5
W E -0.144 81.6 63.0 -2.724 65.3 137.0 -0.660 158.5 57.7 -0.286 113.0 57.5 0.020 83.2 68.4 0.348 153.0 73.3
D C 813.0 394.5 662.2 1391.8
F 344.555184 645.239547 -1.001234
E -0.474892 101.562304 88.712191 0.289858
W C 1039.8 115.7 1865.8 729.9 1619.3 1464.9 963.4 1255.0 524.3 838.8 232.7 1596.6
W E -0.143 81.4 63.0 -2.725 65.2 137.0 -0.660 158.5 57.7 -0.286 113.0 57.5 0.022 83.1 68.4 0.348 153.0 73.2
D C 801.2 338.3 710.7 1352.0
F 346.498300 645.022825 -0.995189
E -0.551821 99.394836 87.900628 0.252393
W C 1039.7 115.9 1865.8 729.7 1619.2 1464.6 963.5 1254.9 524.6 838.8 232.8 1596.4
W E -0.143 81.2 62.9 -2.725 65.1 136.9 -0.660 158.4 57.6 -0.286 113.0 57.5 0.022 83.0 68.3 0.348 153.0 73.2
D C 783.6 281.0 764.5 1295.6 35.1 1477.0
F 376.518969 609.920671 -0.897701
E -0.555972 99.364451 85.803442 0.259191
W C 1039.6 116.1 1865.7 729.6 1619.2 1464.4 963.6 1254.9 524.9 838.8 232.8 1596.3
W E -0.142 81.1 62.8 -2.725 64.9 136.8 -0.660 158.4 57.5 -0.285 113.0 57.5 0.023 83.0 68.3 0.348 153.0 73.2
D C 764.5 209.6 833.2 1216.3 116.1 1466.2
F 407.269329 576.973334 -0.817687
E -0.550898 99.206532 83.491357 0.254441
W C 1039.7 116.2 1865.8 729.5 1619.1 1464.2 963.4 1254.7 525.1 839.0 233.0 1596.5
W E -0.142 80.9 62.8 -2.726 64.8 136.8 -0.660 158.3 57.4 -0.285 113.0 57.4 0.023 82.9 68.2 0.348 153.0 73.1
D C 750.4 188.6 850.1 1201.2 138.7 1465.5 -131.7 814.5
F 439.876575 546.802236 -0.741458
E -0.539765 98.940099 81.275922 0.251270
W C 1039.8 116.4 1865.9 729.4 1619.0 1464.0 963.3 1254.5 525.2 839.1 233.2 1596.6
W E -0.143 80.7 62.7 -2.726 64.7 136.7 -0.660 158.3 57.3 -0.285 112.9 57.4 0.023 82.8 68.2 0.348 153.0 73.1
D C 727.1 133.6 899.2 1132.4 210.0 1454.1 -106.8 819.3
F 441.384807 547.175160 -0.737514
E -0.578109 97.571303 80.087380 0.222562
W C 1039.8 116.6 1866.0 729.2 1619.0 1463.7 963.3 1254.3 525.4 839.3 233.3 1596.6
W E -0.143 80.5 62.6 -2.726 64.6 136.6 -0.660 158.2 57.2 -0.285 112.9 57.3 0.023 82.8 68.1 0.348 153.0 73.1
D C 698.3 82.3 944.5 1076.4 270.3 1433.5 -82.0 825.8
F 477.955510 520.867578 -0.646350
E -0.557081 97.352551 77.847267 0.237597
W C 1039.8 116.8 1866.1 729.1 1619.0 1463.5 963.2 1254.1 525.6 839.4 233.5 1596.7
W E -0.143 80.4 62.5 -2.727 64.5 136.5 -0.660 158.2 57.1 -0.285 112.9 57.2 0.024 82.7 68.0 0.348 153.0 73.0
D C 666.6 37.4 967.4 1005.2 325.5 1413.6 -64.3 828.6
F 516.833811 497.653421 -0.556037
E -0.534348 97.015361 75.823655 0.243908
W C 1039.8 117.0 1866.1 728.9 1619.1 1463.2 963.2 1253.8 525.8 839.5 233.7 1596.7
W E -0.144 80.2 62.5 -2.727 64.4 136.5 -0.660 158.1 57.0 -0.284 112.8 57.2 0.024 82.7 68.0 0.347 153.0 73.0
D C 622.5 -24.4 1014.1 914.9 411.7 1376.0 -33.9 834.3
F 555.871843 476.937841 -0.480194
E -0.512586 96.558268 74.020171 0.245795
W C 1040.0 117.2 1866.1 728.7 1619.1 1463.0 963.2 1253.6 525.8 839.7 233.8 1596.9
W E -0.145 80.1 62.4 -2.727 64.3 136.4 -0.659 158.1 56.9 -0.284 112.8 57.1 0.024 82.6 67.9 0.347 153.0 73.0
D C 604.6 -51.6 1023.5 862.5 449.3 1363.5 -13.3 827.0
F 594.940988 459.075912 -0.409314
E -0.494315 96.010973 72.427732 0.245438
W C 1040.3 117.4 1866.2 728.5 1619.2 1462.7 963.2 1253.3 525.7 839.8 234.0 1597.1
W E -0.147 79.9 62.3 -2.727 64.2 136.3 -0.659 158.0 56.9 -0.284 112.8 57.0 0.024 82.6 67.9 0.347 152.9 73.0
D C 568.7 -89.3 1040.7 798.1 498.2 1330.7 -0.6 831.2
F 595.830488 459.709707 -0.405695
E -0.515618 94.907861 71.065325 0.217956
W C 1040.4 117.6 1866.2 728.3 1619.2 1462.4 963.2 1253.1 525.8 839.9 234.2 1597.1
W E -0.148 79.7 62.2 -2.727 64.0 136.2 -0.659 158.0 56.8 -0.284 112.7 57.0 0.024 82.6 67.8 0.347 152.9 72.9
D C 527.9 -130.1 1061.6 724.8 555.9 1288.5 29.9 827.4
F 638.258241 445.855204 -0.339597
E -0.495388 94.337192 69.555713 0.229830
W C 1040.6 117.8 1866.2 728.1 1619.3 1462.2 963.2 1252.8 525.8 840.0 234.4 1597.3
W E -0.150 79.6 62.1 -2.727 63.9 136.2 -0.659 157.9 56.7 -0.283 112.7 56.9 0.025 82.5 67.8 0.347 152.9 72.9
D C 489.8 -161.4 1074.0 658.4 599.7 1250.5 49.9 822.7
F 682.288313 434.019434 -0.316830
E -0.480638 93.688172 68.347607 0.231575
W C 1040.7 118.0 1866.2 727.9 1619.3 1462.0 963.2 1252.6 525.8 840.1 234.5 1597.3
W E -0.152 79.4 62.0 -2.727 63.8 136.1 -0.659 157.9 56.6 -0.283 112.7 56.8 0.025 82.5 67.8 0.347 152.9 72.9
D C 424.9 -203.8 1063.6 573.7 634.1 1206.3 54.5 815.3
F 724.993618 422.657177 -0.298967
E -0.472224 93.049815 67.404199 0.231939
W C 1040.9 118.2 1866.3 727.6 1619.5 1461.7 963.3 1252.4 525.7 840.2 234.7 1597.5
W E -0.155 79.3 61.8 -2.727 63.7 136.0 -0.658 157.8 56.5 -0.283 112.6 56.8 0.025 82.5 67.7 0.347 152.9 72.9
D C 408.4 -202.0 1043.3 583.6 616.2 1207.9 36.9 814.5
F 725.732809 423.853585 -0.291910
E -0.486416 92.031491 65.981046 0.208550
W C 1041.0 118.4 1866.2 727.5 1619.5 1461.5 963.3 1252.1 525.7 840.3 234.9 1597.6
W E -0.157 79.1 61.7 -2.727 63.6 135.9 -0.658 157.8 56.4 -0.282 112.6 56.7 0.026 82.5 67.7 0.347 152.9 72.9
D C 380.0 -201.3 1007.7 584.2 584.3 1208.8 4.4 815.2
F 769.070519 412.059399 -0.286520
E -0.465500 92.064156 66.044493 0.229665
W C 1041.3 118.6 1866.2 727.3 1619.5 1461.2 963.3 1252.0 525.8 840.4 235.0 1597.7
W E -0.159 79.1 61.7 -2.727 63.5 135.8 -0.658 157.7 56.3 -0.282 112.6 56.7 0.025 82.5 67.7 0.347 152.9 72.9
D C 962.2 581.7 529.8 1207.7 -43.5 821.1
F 811.395039 400.491650 -0.279542
E -0.468965 91.365962 65.621074 0.230207
W C 1041.6 118.8 1866.1 727.0 1619.6 1460.9 963.4 1251.8 525.6 840.5 235.2 1597.8
W E -0.164 78.9 61.6 -2.726 63.4 135.8 -0.658 157.7 56.2 -0.282 112.5 56.6 0.026 82.4 67.6 0.347 152.8 72.9
D C 314.8 -199.0 943.1 578.1 513.7 1211.2 -58.9 823.9
F 853.759069 388.763547 -0.278823
E -0.480394 90.636951 65.457337 0.230199
W C 1042.0 119.1 1866.0 726.7 1619.7 1460.6 963.4 1251.6 525.5 840.5 235.4 1598.0
W E -0.169 78.6 61.4 -2.726 63.2 135.7 -0.657 157.6 56.1 -0.282 112.5 56.5 0.026 82.4 67.6 0.347 152.8 72.8
D C 265.7 -198.0 891.4 580.9 465.3 1208.9 -108.0 828.4
F 897.088345 377.939707 -0.267863
E -0.468368 90.745180 66.947439 0.242036
W C 1042.1 119.2 1866.1 726.6 1619.8 1460.4 963.5 1251.4 525.4 840.6 235.5 1598.1
W E -0.171 78.6 61.4 -2.726 63.1 135.6 -0.657 157.6 56.1 -0.282 112.5 56.5 0.026 82.4 67.6 0.347 152.8 72.8
D C 869.8 582.1 451.0 1216.1 -123.8 830.4
F 897.589369 378.275713 -0.268080
E -0.464718 90.329186 65.996690 0.222325
W C 1042.2 119.3 1866.0 726.5 1619.8 1460.3 963.5 1251.3 525.5 840.6 235.6 1598.1
W E -0.174 78.5 61.4 -2.726 63.1 135.6 -0.657 157.6 56.0 -0.282 112.5 56.4 0.026 82.4 67.6 0.347 152.8 72.8
D C 819.7 578.2 395.0 1211.1 -171.4 832.0
F 941.974344 368.988615 -0.198784
E -0.448172 90.631518 67.807371 0.245209
W C 1042.3 119.3 1865.9 726.7 1619.7 1460.3 963.5 1251.2 525.6 840.8 235.6 1598.2
W E -0.176 78.5 61.4 -2.726 63.0 135.5 -0.657 157.6 55.9 -0.281 112.5 56.4 0.026 82.4 67.6 0.346 152.8 72.8
D C 786.8 577.0 369.8 1208.9 -199.2 836.0
F 985.281482 362.289530 -0.129876
E -0.433628 90.859421 70.030099 0.257124
W C 1042.2 119.2 1865.9 726.9 1619.6 1460.3 963.5 1251.1 525.6 840.9 235.6 1598.2
W E -0.177 78.4 61.3 -2.727 62.9 135.5 -0.657 157.5 55.9 -0.281 112.5 56.4 0.026 82.4 67.6 0.346 152.8 72.8
D C 791.9 547.7 397.6 1194.2 -178.9 841.8
F 1029.730900 358.563605 -0.057571
E -0.424534 91.043134 72.662117 0.264319
W C 1042.0 119.2 1866.0 727.1 1619.6 1460.3 963.5 1250.9 525.6 841.0 235.7 1598.3
W E -0.179 78.4 61.3 -2.727 62.9 135.5 -0.657 157.5 55.8 -0.281 112.4 56.3 0.026 82.4 67.6 0.346 152.8 72.8
D C 800.5 487.3 456.3 1164.3 -151.4 853.1
F 1029.750509 358.103723 -0.063218
E -0.423716 90.720559 71.331409 0.238352
W C 1042.1 119.2 1865.9 727.1 1619.5 1460.3 963.5 1250.8 525.6 841.0 235.8 1598.3
W E -0.181 78.4 61.3 -2.727 62.8 135.4 -0.657 157.5 55.7 -0.281 112.4 56.3 0.026 82.4 67.6 0.346 152.8 72.8
D C 792.5 440.1 486.3 1136.8 -131.6 864.4
F 1074.952739 360.125518 0.028049
E -0.418915 90.814434 74.002679 0.254908
W C 1042.1 119.3 1865.9 727.2 1619.5 1460.2 963.6 1250.7 525.6 841.1 235.8 1598.4
W E -0.182 78.3 61.3 -2.727 62.7 135.4 -0.657 157.5 55.7 -0.281 112.4 56.2 0.025 82.4 67.6 0.346 152.8 72.9
D C 783.9 354.0 551.8 1073.5 -89.2 871.4
F 1119.241886 364.161141 0.083423
E -0.435686 90.771916 76.783016 0.258105
W C 1042.1 119.3 1865.9 727.3 1619.5 1460.2 963.6 1250.6 525.6 841.1 235.9 1598.4
W E -0.183 78.3 61.3 -2.727 62.7 135.3 -0.656 157.5 55.6 -0.281 112.4 56.2 0.025 82.4 67.6 0.346 152.8 72.9
D C 773.2 321.0 577.4 1051.0 -73.1 872.3
F 1163.549835 370.476864 0.100043
E -0.480907 90.777940 79.647561 0.256756
W C 1042.0 119.3 1865.9 727.4 1619.5 1460.2 963.7 1250.6 525.6 841.1 235.9 1598.4
W E -0.185 78.3 61.3 -2.728 62.6 135.3 -0.656 157.5 55.6 -0.281 112.4 56.2 0.025 82.4 67.5 0.346 152.8 72.9
D C 760.3 264.8 611.3 1007.6 -49.1 875.8
F 1207.334276 377.048047 0.115980
E -0.572006 90.986372 82.400330 0.255400
W C 1041.9 119.3 1866.0 727.4 1619.5 1460.2 963.8 1250.5 525.6 841.1 235.9 1598.4
W E -0.186 78.2 61.3 -2.728 62.6 135.3 -0.656 157.4 55.5 -0.281 112.4 56.1 0.025 82.4 67.5 0.346 152.8 72.9
D C 717.7 259.9 567.3 1010.5 -90.0 879.8
F 1207.225002 377.966496 0.121508
E -0.536508 90.495089 81.069879 0.231786
W C 1041.9 119.3 1865.9 727.5 1619.5 1460.2 963.8 1250.5 525.6 841.1 236.0 1598.5
W E -0.187 78.2 61.3 -2.728 62.5 135.2 -0.656 157.4 55.4 -0.281 112.4 56.1 0.025 82.4 67.5 0.346 152.8 72.9
D C 700.2 258.4 553.8 1008.0 -106.8 882.8
F 1251.529601 383.861776 0.124108
E -0.673040 90.923902 83.662635 0.242574
W C 1041.9 119.3 1865.9 727.6 1619.5 1460.2 963.9 1250.4 525.6 841.1 236.0 1598.5
W E -0.188 78.2 61.3 -2.728 62.4 135.2 -0.656 157.4 55.4 -0.280 112.3 56.0 0.025 82.4 67.5 0.346 152.8 72.9
D C 647.3 264.1 502.1 1014.8 -159.5 883.0
F 1295.474603 390.275273 0.129785
E -2.475924 85.814870 92.009885 0.248343
W C 1041.8 119.2 1865.9 727.7 1619.5 1460.2 964.0 1250.4 525.5 841.1 236.0 1598.5
W E -0.189 78.1 61.2 -2.729 62.4 135.1 -0.656 157.4 55.3 -0.280 112.3 56.0 0.025 82.4 67.5 0.346 152.8 72.9
D C 631.6 262.2 485.8 1013.0 -177.4 888.3
F 1339.169179 396.905173 0.138795
E -2.728643 87.123795 94.065894 0.251219
W C 1041.6 119.2 1866.0 727.8 1619.5 1460.3 964.1 1250.4 525.5 841.1 236.0 1598.5
W E -0.190 78.1 61.2 -2.729 62.3 135.1 -0.656 157.4 55.3 -0.280 112.3 56.0 0.025 82.4 67.5 0.346 152.8 72.9
D C 597.3 265.3 449.4 1015.8 -211.3 886.6
F 1339.395710 396.497991 0.135209
E -2.666271 86.437884 93.042895 0.228960
W C 1041.6 119.2 1865.9 727.8 1619.5 1460.2 964.1 1250.3 525.5 841.1 236.0 1598.5
W E -0.191 78.1 61.2 -2.729 62.3 135.0 -0.656 157.3 55.2 -0.280 112.3 56.0 0.025 82.4 67.5 0.346 152.8 72.9
D C 549.5 266.6 401.0 1013.9 -258.8 889.9
F 1384.157118 402.731372 0.135986
E -2.862774 87.279429 95.726961 0.242074
W C 1041.6 119.2 1865.9 727.9 1619.5 1460.2 964.2 1250.3 525.5 841.1 236.0 1598.5
W E -0.192 78.1 61.2 -2.729 62.2 134.9 -0.656 157.3 55.2 -0.280 112.3 55.9 0.025 82.5 67.5 0.346 152.7 72.9
D C 534.7 265.6 387.7 1016.7 -272.4 895.5
F 1427.899726 408.431048 0.134921
E -2.966561 87.703907 99.073876 0.255024
W C 1041.5 119.2 1865.9 728.0 1619.5 1460.2 964.2 1250.3 525.5 841.1 236.1 1598.5
W E -0.193 78.0 61.2 -2.730 62.2 134.9 -0.655 157.3 55.2 -0.280 112.3 55.9 0.025 82.5 67.5 0.346 152.8 72.9
D C 487.4 268.7 335.3 1017.6
F 1471.964921 414.605735 0.138658
E -3.026137 87.996813 102.769017 0.263094
W C 1041.4 119.2 1866.0 728.0 1619.6 1460.2 964.2 1250.3 525.5 841.1 236.1 1598.5
W E -0.193 78.0 61.2 -2.730 62.1 134.8 -0.655 157.3 55.1 -0.280 112.3 55.9 0.025 82.5 67.5 0.346 152.8 72.9
D C 455.4 265.9 303.6 1014.8
F 1471.908545 414.249658 0.137073
E -3.011615 87.602262 101.631431 0.243284
W C 1041.4 119.1 1866.0 728.1 1619.6 1460.2 964.2 1250.3 525.5 841.1 236.1 1598.5
W E -0.194 78.0 61.2 -2.730 62.1 134.8 -0.655 157.2 55.1 -0.280 112.3 55.9 0.025 82.5 67.5 0.346 152.8 72.9
D C 436.2 267.4 290.6 1016.7
F 1516.506005 419.820440 0.134049
E -3.054545 87.857912 105.427603 0.257029
W C 1041.4 119.1 1866.0 728.2 1619.6 1460.2 964.2 1250.3 525.5 841.1 236.1 1598.5
W E -0.195 78.0 61.2 -2.731 62.0 134.7 -0.655 157.2 55.0 -0.280 112.3 56.0 0.025 82.5 67.5 0.346 152.8 72.9
D C 389.4 271.1 237.9 1018.8
F 1560.432909 425.821523 0.134844
E -3.084103 88.052417 109.428128 0.264921
W C 1041.3 119.1 1866.1 728.2 1619.6 1460.2 964.2 1250.3 525.4 841.1 236.1 1598.5
W E -0.195 78.0 61.2 -2.731 62.0 134.7 -0.655 157.2 55.0 -0.280 112.3 56.0 0.025 82.5 67.6 0.346 152.8 72.9
D C 372.0 272.8 218.6 1021.1
F 1604.327207 431.994741 0.139612
E -3.105775 88.181523 113.605522 0.269660
W C 1041.1 119.1 1866.2 728.2 1619.6 1460.2 964.2 1250.3 525.4 841.1 236.1 1598.6
W E -0.196 78.0 61.2 -2.732 61.9 134.6 -0.655 157.2 55.0 -0.280 112.3 56.0 0.025 82.5 67.6 0.346 152.8 72.9
D C 327.8 272.8 173.6 1023.7
F 1645.856606 438.776841 0.146625
E -3.122284 88.190159 117.731631 0.271185
W C 1040.9 119.0 1866.5 728.2 1619.6 1460.2 964.2 1250.3 525.4 841.1 236.1 1598.6
W E -0.197 78.0 61.2 -2.732 61.8 134.6 -0.655 157.2 54.9 -0.280 112.3 56.0 0.025 82.5 67.6 0.346 152.8 72.9
D C 311.1 273.8 154.6 1026.0
F 1651.896527 439.175562 0.147584
E -3.124793 87.757623 117.312567 0.251000
W C 1040.8 119.0 1866.6 728.2 1619.6 1460.3 964.2 1250.3 525.3 841.1 236.1 1598.6
W E -0.197 77.9 61.2 -2.733 61.8 134.5 -0.655 157.1 54.9 -0.280 112.3 56.0 0.025 82.5 67.6 0.346 152.8 72.9
D C 275.0 275.4 119.7 1028.7
F 1652.317030 437.861029 0.140325
E -3.123144 87.385254 116.382358 0.236184
W C 1040.9 119.0 1866.4 728.3 1619.7 1460.2 964.2 1250.3 525.3 841.1 236.1 1598.6
W E -0.198 77.9 61.2 -2.733 61.7 134.5 -0.655 157.1 54.9 -0.280 112.3 56.0 0.025 82.5 67.6 0.346 152.8 72.9
D C 236.5 272.9 87.6 1026.0
F 1652.596572 436.981246 0.135618
E -3.119863 87.042043 115.653077 0.225087
W C 1040.9 119.0 1866.3 728.4 1619.8 1460.2 964.2 1250.2 525.4 841.0 236.1 1598.6
W E -0.198 77.9 61.2 -2.734 61.7 134.4 -0.655 157.1 54.8 -0.280 112.3 56.0 0.025 82.5 67.6 0.346 152.8 72.9
D C 238.9 274.0 90.6 1024.0
F 1652.802961 436.318216 0.132160
E -3.115648 86.720082 115.052035 0.216410
W C 1040.9 119.0 1866.2 728.4 1619.8 1460.2 964.3 1250.2 525.4 841.0 236.1 1598.6
W E -0.199 77.9 61.2 -2.734 61.6 134.4 -0.655 157.1 54.8 -0.280 112.3 56.0 0.025 82.5 67.6 0.346 152.8 72.9
D C 240.1 275.4 90.5 1022.8
F 1652.990944 435.850451 0.129584
E -3.110895 86.414670 114.539569 0.209403
W C 1040.9 119.0 1866.1 728.5 1619.9 1460.2 964.3 1250.2 525.4 841.0 236.2 1598.6
W E -0.199 77.9 61.3 -2.735 61.5 134.3 -0.654 157.0 54.8 -0.280 112.3 56.0 0.025 82.5 67.6 0.346 152.8 72.9
D C 239.5 274.7 90.1 1019.0
F 1653.147469 435.442388 0.127540
E -3.105844 86.122772 114.092031 0.203605
W C 1041.0 119.0 1866.0 728.5 1619.9 1460.2 964.3 1250.2 525.4 841.0 236.2 1598.6
W E -0.200 77.9 61.3 -2.735 61.5 134.3 -0.654 157.0 54.8 -0.280 112.3 56.0 0.025 82.5 67.6 0.345 152.8 72.9
D C 238.7 273.7 90.6 1024.2
F 1653.282890 435.104882 0.125906
E -3.100647 85.842386 113.694162 0.198710
W C 1041.0 119.0 1865.9 728.6 1620.0 1460.1 964.3 1250.2 525.4 841.0 236.2 1598.5
W E -0.200 77.9 61.3 -2.736 61.4 134.2 -0.654 157.0 54.7 -0.280 112.3 56.0 0.025 82.5 67.6 0.345 152.8 72.9
D C 238.7 273.7 90.6 1024.6
F 1653.396308 434.819561 0.124572
E -3.095399 85.572087 113.335656 0.194511
W C 1041.0 119.0 1865.9 728.6 1620.0 1460.1 964.3 1250.2 525.4 841.0 236.2 1598.5
W E -0.200 77.9 61.3 -2.736 61.4 134.2 -0.654 157.0 54.7 -0.280 112.3 56.0 0.025 82.5 67.6 0.345 152.8 73.0
D C 239.2 274.3 90.6 1024.1
